0.0
0.0004999950000608802
0.000999980000321757
0.001499955000982624
0.001999920002243472
0.0024998750043042856
0.002999820007365048
0.003499755011625737
0.003999680017286327
0.004499595024546788
0.004999500033607085
0.005499395044667181
0.005999280057927033
0.0064991550735865955
0.006999020091845819
0.007498875112904649
0.007998720136963027
0.008498555164220893
0.00899838019487818
0.009498195229134814
0.009998000267190728
0.010497795309245838
0.010997580355500065
0.011497355406153324
0.011997120461405523
0.012496875521456568
0.012996620586506365
0.013496355656754807
0.01399608073240179
0.014495795813647202
0.014995500900690932
0.01549519599373286
0.015994881092972865
0.01649455619861082
0.0169942213108466
0.017493876429880064
0.01799352155591108
0.018493156689139503
0.018992781829765184
0.019492396977987977
0.019992002134007727
0.02049159729802428
0.020991182470237468
0.02149075765084713
0.02199032284005309
0.02248987803805518
0.02298942324505322
0.023488958461247027
0.023988483686836416
0.024487998922021196
0.024987504167001174
0.025486999421976155
0.02598648468714593
0.026485959962710297
0.026985425248869047
0.02748488054582197
0.027984325853768845
0.028483761172909447
0.028983186503443552
0.029482601845570933
0.02998200719949135
0.030481402565404568
0.030980787943510345
0.031480163334008444
0.03197952873709861
0.03247888415298058
0.032978229581854104
0.03347756502391892
0.033976890479374765
0.034476205948421365
0.03497551143125844
0.03547480692808572
0.03597409243910292
0.036473367964509756
0.03697263350450593
0.03747188905929116
0.037971134629065144
0.03847037021402759
0.03896959581437818
0.0394688114303166
0.039968017062042546
0.040467212709755694
0.040966398373655726
0.04146557405394232
0.04196473975081514
0.04246389546447386
0.04296304119511813
0.043462176942947614
0.04396130270816197
0.04446041849096085
0.04495952429154389
0.04545862011011074
0.045957705946861035
0.04645678180199442
0.04695584767571051
0.04745490356820894
0.047953949479689326
0.04845298541035129
0.04895201136039445
0.04945102733001841
0.04995003331942278
0.05044902932880716
0.05094801535837115
0.05144699140831435
0.051945957478836347
0.052444913570136725
0.052943859682415065
0.053442795815870935
0.053941721970703925
0.05444063814711361
0.05493954434529955
0.05543844056546131
0.05593732680779844
0.0564362030725105
0.056935069359797044
0.05743392566985761
0.057932772002891736
0.05843160835909898
0.05893043473867887
0.059429251141830924
0.05992805756875468
0.06042685401964966
0.06092564049471538
0.061424416994151354
0.06192318351815709
0.062421940066932094
0.06292068664067589
0.06341942323958794
0.06391814986386775
0.06441686651371481
0.06491557318932861
0.06541426989090865
0.0659129566186544
0.06641163337276533
0.0669103001534409
0.0674089569608806
0.06790760379528389
0.0684062406568502
0.06890486754577901
0.06940348446226977
0.06990209140652194
0.07040068837873494
0.07089927537910819
0.07139785240784115
0.07189641946513325
0.07239497655118393
0.0728935236661926
0.07339206081035866
0.07389058798388157
0.0743891051869607
0.07488761241979545
0.07538610968258527
0.07588459697552953
0.07638307429882762
0.07688154165267895
0.0773799990372829
0.07787844645283885
0.07837688389954615
0.07887531137760422
0.0793737288872124
0.07987213642857008
0.08037053400187662
0.08086892160733138
0.08136729924513371
0.08186566691548294
0.08236402461857845
0.08286237235461956
0.08336071012380561
0.08385903792633595
0.08435735576240991
0.0848556636322268
0.08535396153598596
0.0858522494738867
0.08635052744612834
0.08684879545291019
0.08734705349443156
0.08784530157089174
0.08834353968249005
0.08884176782942577
0.0893399860118982
0.08983819423010661
0.0903363924842503
0.09083458077452854
0.09133275910114062
0.0918309274642858
0.09232908586416336
0.09282723430097255
0.09332537277491264
0.09382350128618286
0.09432161983498248
0.09481972842151073
0.09531782704596689
0.09581591570855018
0.09631399440945983
0.09681206314889507
0.09731012192705514
0.09780817074413925
0.09830620960034664
0.0988042384958765
0.09930225743092805
0.0998002664057005
0.10029826542039307
0.10079625447520495
0.10129423357033532
0.1017922027059834
0.10229016188234834
0.10278811109962936
0.10328605035802561
0.10378397965773628
0.10428189899896055
0.10477980838189756
0.10527770780674649
0.1057755972737065
0.10627347678297674
0.10677134633475642
0.1072692059292446
0.10776705556664049
0.10826489524714317
0.10876272497095181
0.10926054473826555
0.1097583545492835
0.11025615440420479
0.11075394430322853
0.11125172424655387
0.11174949423437988
0.1122472542669057
0.11274500434433041
0.11324274446685312
0.11374047463467293
0.11423819484798893
0.11473590510700019
0.11523360541190582
0.11573129576290489
0.11622897616019648
0.11672664660397966
0.1172243070944535
0.11772195763181705
0.11821959821626939
0.11871722884800957
0.11921484952723664
0.11971246025414964
0.12021006102894763
0.12070765185182965
0.12120523272299472
0.12170280364264188
0.12220036461097016
0.1226979156281786
0.12319545669446619
0.12369298781003195
0.12419050897507493
0.12468802018979411
0.12518552145438847
0.12568301276905708
0.12618049413399887
0.12667796554941285
0.12717542701549805
0.12767287853245343
0.12817032010047796
0.12866775171977057
0.12916517339053032
0.1296625851129561
0.13015998688724698
0.1306573787136018
0.13115476059221956
0.13165213252329921
0.13214949450703975
0.1326468465436401
0.13314418863329913
0.13364152077621588
0.1341388429725892
0.1346361552226181
0.13513345752650147
0.1356307498844382
0.13612803229662723
0.13662530476326748
0.13712256728455782
0.13761981986069724
0.13811706249188455
0.1386142951783187
0.13911151792019855
0.139608730717723
0.14010593357109094
0.14060312648050127
0.14110030944615284
0.14159748246824455
0.14209464554697526
0.14259179868254382
0.1430889418751491
0.14358607512498994
0.14408319843226522
0.14458031179717376
0.14507741521991444
0.14557450870068608
0.14607159223968755
0.1465686658371176
0.14706572949317515
0.147562783208059
0.14805982698196793
0.14855686081510078
0.14905388470765638
0.14955089865983354
0.15004790267183105
0.15054489674384774
0.1510418808760824
0.15153885506873377
0.15203581932200072
0.15253277363608198
0.15302971801117635
0.1535266524474826
0.1540235769451995
0.15452049150452582
0.15501739612566034
0.15551429080880183
0.15601117555414903
0.1565080503619007
0.1570049152322556
0.15750177016541245
0.15799861516157
0.158495450220927
0.15899227534368218
0.15948909053003432
0.15998589578018202
0.16048269109432411
0.16097947647265926
0.1614762519153862
0.16197301742270365
0.16246977299481033
0.1629665186319049
0.1634632543341861
0.16395998010185256
0.16445669593510304
0.16495340183413618
0.16545009779915068
0.16594678383034522
0.16644345992791848
0.1669401260920691
0.16743678232299578
0.16793342862089716
0.1684300649859719
0.16892669141841868
0.16942330791843613
0.1699199144862229
0.17041651112197764
0.170913097825899
0.1714096745981856
0.17190624143903604
0.17240279834864902
0.1728993453272231
0.1733958823749569
0.17389240949204907
0.17438892667869818
0.1748854339351029
0.1753819312614618
0.1758784186579734
0.17637489612483642
0.17687136366224937
0.17736782127041084
0.17786426894951943
0.1783607066997738
0.1788571345213724
0.17935355241451387
0.17984996037939677
0.18034635841621963
0.180842746525181
0.1813391247064795
0.18183549296031362
0.18233185128688198
0.18282819968638306
0.18332453815901542
0.1838208667049776
0.1843171853244681
0.18481349401768551
0.18530979278482831
0.185806081626095
0.18630236054168414
0.18679862953179424
0.1872948885966238
0.1877911377363713
0.1882873769512352
0.18878360624141408
0.1892798256071064
0.18977603504851065
0.19027223456582532
0.19076842415924888
0.19126460382897983
0.19176077357521662
0.19225693339815766
0.19275308329800153
0.19324922327494662
0.1937453533291914
0.19424147346093432
0.19473758367037383
0.19523368395770838
0.19572977432313637
0.19622585476685625
0.19672192528906648
0.1972179858899655
0.19771403656975173
0.19821007732862356
0.19870610816677942
0.19920212908441773
0.19969814008173686
0.2001941411589353
0.20069013231621138
0.2011861135537635
0.20168208487179007
0.20217804627048946
0.2026739977500601
0.2031699393107003
0.20366587095260846
0.204161792675983
0.20465770448102225
0.20515360636792454
0.20564949833688834
0.20614538038811187
0.20664125252179358
0.2071371147381318
0.20763296703732484
0.2081288094195711
0.20862464188506885
0.2091204644340165
0.20961627706661232
0.21011207978305463
0.21060787258354174
0.21110365546827206
0.2115994284374438
0.21209519149125533
0.21259094462990494
0.21308668785359092
0.21358242116251155
0.2140781445568652
0.21457385803685008
0.2150695616026645
0.2155652552545067
0.21606093899257503
0.21655661281706776
0.2170522767281831
0.2175479307261194
0.21804357481107484
0.2185392089832477
0.21903483324283626
0.21953044759003873
0.22002605202505335
0.22052164654807843
0.22101723115931218
0.2215128058589528
0.22200837064719856
0.22250392552424764
0.2229994704902983
0.22349500554554874
0.22399053069019717
0.22448604592444182
0.2249815512484809
0.22547704666251261
0.22597253216673513
0.22646800776134665
0.22696347344654538
0.22745892922252953
0.22795437508949723
0.22844981104764667
0.228945237097176
0.22944065323828347
0.2299360594711672
0.2304314557960253
0.23092684221305604
0.2314222187224575
0.23191758532442783
0.2324129420191652
0.23290828880686776
0.23340362568773365
0.23389895266196092
0.2343942697297478
0.23488957689129245
0.2353848741467929
0.2358801614964473
0.23637543894045374
0.23687070647901035
0.23736596411231525
0.23786121184056652
0.23835644966396227
0.23885167758270065
0.2393468955969797
0.23984210370699746
0.24033730191295208
0.2408324902150416
0.24132766861346414
0.24182283710841776
0.24231799570010049
0.2428131443887104
0.24330828317444558
0.24380341205750408
0.2442985310380839
0.2447936401163832
0.2452887392925999
0.24578382856693212
0.24627890793957788
0.24677397741073523
0.2472690369806021
0.2477640866493766
0.24825912641725673
0.2487541562844405
0.24924917625112597
0.2497441863175111
0.2502391864837939
0.2507341767501723
0.25122915711684435
0.2517241275840081
0.25221908815186145
0.2527140388206025
0.2532089795904291
0.25370391046153934
0.25419883143413113
0.2546937425084025
0.25518864368455135
0.2556835349627756
0.2561784163432733
0.2566732878262424
0.25716814941188076
0.25766300110038637
0.2581578428919572
0.2586526747867912
0.25914749678508625
0.2596423088870403
0.26013711109285126
0.2606319034027171
0.2611266858168356
0.2616214583354049
0.26211622095862275
0.262610973686687
0.2631057165197957
0.2636004494581466
0.2640951725019378
0.26458988565136704
0.2650845889066322
0.26557928226793126
0.26607396573546194
0.26656863930942226
0.26706330299001
0.26755795677742317
0.2680526006718595
0.2685472346735168
0.26904185878259307
0.269536472999286
0.27003107732379356
0.27052567175631353
0.27102025629704374
0.2715148309461821
0.2720093957039264
0.27250395057047444
0.272998495546024
0.273493030630773
0.27398755582491924
0.2744820711286605
0.2749765765421946
0.27547107206571925
0.2759655576994323
0.2764600334435317
0.2769544992982151
0.27744895526368024
0.277943401340125
0.27843783752774715
0.2789322638267444
0.2794266802373145
0.2799210867596552
0.28041548339396444
0.28090987014043983
0.28140424699927924
0.28189861397068033
0.2823929710548409
0.2828873182519586
0.2833816555622312
0.28387598298585653
0.28437030052303225
0.284864608173956
0.2853589059388256
0.2858531938178388
0.2863474718111933
0.2868417399190868
0.287335998141717
0.28783024647928157
0.2883244849319782
0.2888187135000046
0.2893129321835585
0.28980714098283766
0.29030133989803963
0.2907955289293621
0.2912897080770029
0.2917838773411595
0.2922780367220296
0.292772186219811
0.29326632583470125
0.29376045556689806
0.294254575416599
0.29474868538400173
0.295242785469304
0.29573687567270335
0.29623095599439747
0.2967250264345839
0.29721908699346045
0.2977131376712246
0.298207178468074
0.2987012093842063
0.299195230419819
0.29968924157510984
0.3001832428502764
0.30067723424551623
0.30117121576102696
0.30166518739700615
0.30215914915365144
0.3026531010311604
0.30314704302973056
0.3036409751495595
0.3041348973908449
0.30462880975378426
0.30512271223857507
0.30561660484541503
0.30611048757450166
0.30660436042603245
0.30709822340020504
0.30759207649721687
0.3080859197172655
0.3085797530605486
0.30907357652726347
0.3095673901176078
0.31006119383177916
0.31055498766997497
0.31104877163239275
0.31154254571923007
0.3120363099306844
0.3125300642669532
0.31302380872823404
0.3135175433147244
0.3140112680266218
0.31450498286412365
0.31499868782742757
0.3154923829167309
0.31598606813223123
0.316479743474126
0.31697340894261267
0.3174670645378887
0.31796071026015155
0.31845434610959866
0.3189479720864276
0.3194415881908357
0.3199351944230204
0.32042879078317915
0.32092237727150946
0.32141595388820865
0.3219095206334743
0.3224030775075037
0.3228966245104944
0.32339016164264367
0.32388368890414904
0.3243772062952079
0.3248707138160176
0.32536421146677563
0.32585769924767927
0.3263511771589261
0.3268446452007133
0.3273381033732385
0.3278315516766988
0.3283249901112918
0.32881841867721473
0.3293118373746651
0.32980524620384016
0.33029864516493734
0.330792034258154
0.33128541348368745
0.33177878284173506
0.3322721423324942
0.3327654919561622
0.33325883171293635
0.3337521616030141
0.3342454816265926
0.3347387917838694
0.3352320920750417
0.3357253825003068
0.3362186630598621
0.33671193375390485
0.3372051945826324
0.33769844554624195
0.338191686644931
0.3386849178788966
0.33917813924833623
0.33967135075344707
0.3401645523944265
0.3406577441714717
0.3411509260847801
0.3416440981345488
0.3421372603209752
0.3426304126442564
0.3431235551045898
0.3436166877021726
0.3441098104372021
0.3446029233098756
0.3450960263203902
0.3455891194689432
0.3460822027557319
0.3465752761809535
0.3470683397448052
0.3475613934474842
0.3480544372891878
0.34854747127011315
0.34904049539045745
0.34953350965041796
0.3500265140501919
0.35051950858997644
0.3510124932699688
0.3515054680903662
0.35199843305136574
0.35249138815316466
0.3529843333959601
0.3534772687799493
0.35397019430532944
0.35446310997229763
0.354956015781051
0.3554489117317869
0.3559417978247023
0.3564346740599944
0.35692754043786046
0.3574203969584975
0.35791324362210264
0.3584060804288732
0.35889890737900604
0.3593917244726985
0.35988453171014767
0.3603773290915506
0.36087011661710455
0.3613628942870065
0.36185566210145365
0.36234842006064305
0.36284116816477185
0.363333906414037
0.36382663480863575
0.3643193533487652
0.3648120620346224
0.3653047608664044
0.3657974498443083
0.3662901289685312
0.3667827982392702
0.36727545765672226
0.36776810722108455
0.36826074693255406
0.36875337679132786
0.369245996797603
0.3697386069515765
0.37023120725344555
0.370723797703407
0.371216378301658
0.3717089490483955
0.3722015099438166
0.3726940609881184
0.37318660218149785
0.3736791335241519
0.3741716550162775
0.3746641666580719
0.37515666844973183
0.3756491603914545
0.37614164248343684
0.3766341147258759
0.3771265771189685
0.3776190296629118
0.3781114723579027
0.3786039052041382
0.37909632820181527
0.37958874135113085
0.38008114465228193
0.3805735381054655
0.38106592171087844
0.38155829546871783
0.38205065937918053
0.38254301344246344
0.3830353576587636
0.3835276920282779
0.38402001655120327
0.3845123312277367
0.385004636058075
0.38549693104241517
0.3859892161809541
0.38648149147388877
0.386973756921416
0.38746601252373275
0.3879582582810359
0.3884504941935224
0.3889427202613891
0.38943493648483285
0.3899271428640506
0.39041933939923923
0.39091152609059554
0.3914037029383165
0.39189586994259895
0.3923880271036398
0.3928801744216358
0.3933723118967839
0.3938644395292809
0.39435655731932373
0.3948486652671091
0.395340763372834
0.39583285163669524
0.3963249300588896
0.3968169986396139
0.397309057379065
0.3978011062774398
0.39829314533493504
0.3987851745517475
0.39927719392807404
0.3997692034641115
0.40026120316005664
0.40075319301610624
0.4012451730324571
0.40173714320930604
0.4022291035468498
0.40272105404528524
0.4032129947048092
0.4037049255256183
0.4041968465079094
0.40468875765187917
0.4051806589577245
0.405672550425642
0.4061644320558286
0.406656303848481
0.4071481658037959
0.4076400179219701
0.4081318602032003
0.4086236926476833
0.40911551525561574
0.40960732802719446
0.4100991309626161
0.4105909240620773
0.4110827073257749
0.4115744807539056
0.4120662443466661
0.41255799810425314
0.41304974202686334
0.41354147611469344
0.4140332003679401
0.4145249147868001
0.41501661937147005
0.41550831412214667
0.4159999990390266
0.4164916741223066
0.41698333937218324
0.4174749947888532
0.4179666403725132
0.4184582761233598
0.4189499020415897
0.41944151812739966
0.4199331243809862
0.42042472080254606
0.4209163073922758
0.42140788415037206
0.4218994510770315
0.4223910081724506
0.42288255543682624
0.4233740928703549
0.4238656204732332
0.4243571382456577
0.4248486461878251
0.42534014429993194
0.4258316325821748
0.4263231110347504
0.4268145796578552
0.4273060384516859
0.42779748741643897
0.4282889265523111
0.42878035585949875
0.4292717753381985
0.42976318498860705
0.4302545848109209
0.4307459748053365
0.4312373549720506
0.4317287253112596
0.4322200858231601
0.43271143650794863
0.43320277736582175
0.43369410839697603
0.434185429601608
0.43467674097991404
0.4351680425320909
0.4356593342583349
0.4361506161588427
0.4366418882338107
0.4371331504834355
0.43762440290791355
0.43811564550744136
0.43860687828221545
0.4390981012324323
0.4395893143582884
0.4400805176599802
0.4405717111377042
0.44106289479165695
0.44155406862203483
0.4420452326290344
0.442536386812852
0.44302753117368426
0.4435186657117275
0.44400979042717825
0.44450090532023295
0.444992010391088
0.4454831056399398
0.4459741910669849
0.4464652666724196
0.4469563324564405
0.4474473884192439
0.4479384345610263
0.448429470881984
0.44892049738231354
0.44941151406221136
0.44990252092187377
0.45039351796149724
0.4508845051812781
0.4513754825814127
0.45186645016209753
0.45235740792352896
0.4528483558659034
0.45333929398941714
0.45383022229426667
0.4543211407806483
0.4548120494487583
0.4553029482987932
0.4557938373309493
0.45628471654542296
0.4567755859424105
0.45726644552210827
0.4577572952847127
0.45824813523042
0.4587389653594266
0.4592297856719288
0.45972059616812294
0.46021139684820533
0.46070218771237226
0.4611929687608201
0.4616837399937452
0.4621745014113437
0.46266525301381206
0.4631559948013465
0.46364672677414337
0.46413744893239894
0.4646281612763095
0.4651188638060714
0.4656095565218809
0.4661002394239341
0.46659091251242746
0.4670815757875572
0.4675722292495196
0.46806287289851084
0.4685535067347273
0.4690441307583652
0.4695347449696208
0.47002534936869017
0.47051594395576984
0.47100652873105586
0.4714971036947445
0.47198766884703197
0.47247822418811447
0.47296876971818835
0.47345930543744974
0.47394983134609486
0.47444034744431995
0.4749308537323212
0.4754213502102948
0.4759118368784369
0.4764023137369438
0.47689278078601166
0.47738323802583665
0.47787368545661496
0.4783641230785427
0.47885455089181617
0.4793449688966314
0.47983537709318475
0.48032577548167216
0.48081616406229
0.4813065428352342
0.48179691180070117
0.48228727095888685
0.4827776203099875
0.48326795985419924
0.4837582895917181
0.4842486095227403
0.48473891964746196
0.48522921996607926
0.4857195104787882
0.48620979118578495
0.48670006208726563
0.48719032318342637
0.4876805744744633
0.48817081596057244
0.48866104764194995
0.48915126951879184
0.48964148159129434
0.4901316838596534
0.4906218763240652
0.49111205898472576
0.49160223184183116
0.4920923948955775
0.4925825481461608
0.49307269159377715
0.49356282523862255
0.4940529490808931
0.4945430631207849
0.4950331673584939
0.4955232617942162
0.4960133464281478
0.4965034212604848
0.49699348629142315
0.4974835415211589
0.49797358694988814
0.4984636225778069
0.4989536484051111
0.4994436644319967
0.49993367065865985
0.5004236670852964
0.5009136537121026
0.5014036305392743
0.5018935975670074
0.502383554795498
0.5028735022249421
0.5033634398555357
0.5038533676874746
0.5043432857209549
0.5048331939561724
0.5053230923933234
0.5058129810326036
0.506302859874209
0.5067927289183355
0.5072825881651791
0.5077724376149357
0.5082622772678015
0.5087521071239722
0.5092419271836438
0.5097317374470122
0.5102215379142732
0.510711328585623
0.5112011094612572
0.5116908805413719
0.512180641826163
0.5126703933158263
0.513160135010558
0.5136498669105537
0.5141395890160093
0.5146293013271208
0.515119003844084
0.5156086965670948
0.5160983794963492
0.5165880526320429
0.5170777159743718
0.5175673695235319
0.5180570132797191
0.518546647243129
0.5190362714139577
0.5195258857924008
0.5200154903786544
0.5205050851729142
0.5209946701753759
0.5214842453862356
0.521973810805689
0.522463366433932
0.5229529122711604
0.5234424483175699
0.5239319745733566
0.5244214910387159
0.5249109977138439
0.5254004945989363
0.5258899816941889
0.5263794589997977
0.5268689265159583
0.5273583842428664
0.5278478321807178
0.5283372703297085
0.5288266986900341
0.5293161172618903
0.5298055260454732
0.5302949250409781
0.5307843142486011
0.5312736936685378
0.5317630633009841
0.5322524231461356
0.5327417732041881
0.5332311134753375
0.5337204439597792
0.5342097646577092
0.5346990755693232
0.5351883766948167
0.5356776680343857
0.5361669495882256
0.5366562213565327
0.5371454833395021
0.5376347355373297
0.5381239779502112
0.5386132105783423
0.5391024334219189
0.5395916464811363
0.5400808497561905
0.5405700432472772
0.5410592269545919
0.5415484008783301
0.5420375650186878
0.5425267193758607
0.5430158639500442
0.5435049987414341
0.543994123750226
0.5444832389766158
0.5449723444207986
0.5454614400829706
0.5459505259633272
0.546439602062064
0.5469286683793768
0.547417724915461
0.5479067716705125
0.5483958086447266
0.5488848358382992
0.5493738532514256
0.5498628608843016
0.5503518587371228
0.5508408468100847
0.551329825103383
0.5518187936172134
0.5523077523517713
0.5527967013072523
0.5532856404838521
0.5537745698817661
0.55426348950119
0.5547523993423192
0.5552412994053496
0.5557301896904765
0.5562190701978956
0.5567079409278024
0.5571968018803923
0.5576856530558609
0.5581744944544038
0.5586633260762166
0.5591521479214948
0.5596409599904338
0.5601297622832293
0.5606185548000768
0.5611073375411718
0.5615961105067098
0.5620848736968862
0.5625736271118966
0.5630623707519365
0.5635511046172015
0.5640398287078868
0.5645285430241882
0.565017247566301
0.5655059423344208
0.565994627328743
0.566483302549463
0.5669719679967765
0.5674606236708788
0.5679492695719653
0.5684379057002318
0.5689265320558733
0.5694151486390855
0.5699037554500639
0.5703923524890038
0.5708809397561008
0.57136951725155
0.5718580849755472
0.5723466429282876
0.5728351911099668
0.5733237295207801
0.573812258160923
0.5743007770305908
0.5747892861299788
0.5752777854592828
0.5757662750186979
0.5762547548084196
0.5767432248286432
0.5772316850795641
0.5777201355613777
0.5782085762742794
0.5786970072184645
0.5791854283941287
0.5796738398014671
0.580162241440675
0.5806506333119478
0.5811390154154811
0.5816273877514698
0.5821157503201096
0.5826041031215959
0.5830924461561238
0.5835807794238888
0.5840691029250861
0.5845574166599111
0.5850457206285591
0.5855340148312255
0.5860222992681055
0.5865105739393944
0.5869988388452878
0.5874870939859806
0.5879753393616685
0.5884635749725465
0.58895180081881
0.5894400169006543
0.5899282232182746
0.5904164197718664
0.5909046065616248
0.591392783587745
0.5918809508504225
0.5923691083498522
0.5928572560862297
0.5933453940597502
0.5938335222706089
0.5943216407190012
0.594809749405122
0.5952978483291669
0.5957859374913309
0.5962740168918095
0.5967620865307978
0.5972501464084907
0.5977381965250839
0.5982262368807725
0.5987142674757516
0.5992022883102165
0.5996902993843622
0.6001783006983843
0.6006662922524777
0.6011542740468377
0.6016422460816594
0.6021302083571382
0.6026181608734691
0.6031061036308473
0.6035940366294681
0.6040819598695265
0.6045698733512178
0.6050577770747372
0.6055456710402798
0.6060335552480406
0.6065214296982149
0.6070092943909978
0.6074971493265846
0.6079849945051704
0.6084728299269503
0.6089606555921192
0.6094484715008724
0.6099362776534052
0.6104240740499125
0.6109118606905896
0.6113996375756314
0.6118874047052333
0.6123751620795901
0.6128629096988971
0.6133506475633492
0.6138383756731418
0.6143260940284697
0.6148138026295282
0.6153015014765123
0.6157891905696172
0.6162768699090377
0.6167645394949691
0.6172521993276063
0.6177398494071444
0.6182274897337787
0.618715120307704
0.6192027411291156
0.6196903521982082
0.620177953515177
0.6206655450802171
0.6211531268935235
0.6216406989552912
0.6221282612657153
0.6226158138249906
0.6231033566333125
0.6235908896908758
0.6240784129978755
0.6245659265545066
0.6250534303609643
0.6255409244174434
0.6260284087241389
0.626515883281246
0.6270033480889593
0.6274908031474743
0.6279782484569855
0.628465684017688
0.6289531098297771
0.6294405258934475
0.6299279322088941
0.6304153287763121
0.6309027155958963
0.6313900926678415
0.631877459992343
0.6323648175695955
0.6328521653997939
0.6333395034831334
0.6338268318198087
0.634314150410015
0.634801459253947
0.6352887583517995
0.6357760477037678
0.6362633273100465
0.6367505971708307
0.6372378572863152
0.637725107656695
0.6382123482821647
0.6386995791629196
0.6391868002991545
0.6396740116910641
0.6401612133388435
0.6406484052426873
0.6411355874027906
0.6416227598193484
0.6421099224925552
0.6425970754226062
0.6430842186096961
0.6435713520540197
0.6440584757557721
0.644545589715148
0.6450326939323421
0.6455197884075494
0.6460068731409647
0.646493948132783
0.646981013383199
0.6474680688924074
0.6479551146606031
0.6484421506879811
0.648929176974736
0.6494161935210625
0.6499032003271558
0.6503901973932104
0.6508771847194211
0.651364162305983
0.6518511301530906
0.6523380882609386
0.6528250366297219
0.6533119752596355
0.6537989041508739
0.654285823303632
0.6547727327181045
0.6552596323944863
0.6557465223329718
0.6562334025337563
0.6567202729970342
0.6572071337230002
0.6576939847118494
0.6581808259637761
0.6586676574789754
0.6591544792576417
0.65964129129997
0.6601280936061549
0.6606148861763912
0.6611016690108735
0.6615884421097966
0.6620752054733553
0.6625619591017441
0.6630487029951577
0.6635354371537912
0.6640221615778389
0.6645088762674954
0.6649955812229558
0.6654822764444145
0.6659689619320661
0.6664556376861055
0.6669423037067272
0.667428959994126
0.6679156065484965
0.6684022433700333
0.6688888704589312
0.6693754878153848
0.6698620954395887
0.6703486933317376
0.6708352814920261
0.6713218599206486
0.6718084286178002
0.6722949875836752
0.6727815368184684
0.6732680763223744
0.6737546060955877
0.674241126138303
0.6747276364507148
0.6752141370330179
0.6757006278854067
0.6761871090080759
0.6766735804012202
0.6771600420650339
0.6776464939997119
0.6781329362054485
0.6786193686824384
0.6791057914308762
0.6795922044509565
0.6800786077428737
0.6805650013068224
0.6810513851429973
0.681537759251593
0.6820241236328038
0.6825104782868245
0.6829968232138495
0.6834831584140733
0.6839694838876905
0.6844557996348957
0.6849421056558833
0.685428401950848
0.6859146885199842
0.6864009653634864
0.6868872324815491
0.687373489874367
0.6878597375421341
0.6883459754850454
0.6888322037032952
0.6893184221970781
0.6898046309665884
0.6902908300120209
0.6907770193335696
0.6912631989314295
0.6917493688057949
0.6922355289568601
0.6927216793848197
0.693207820089868
0.6936939510721996
0.694180072332009
0.6946661838694905
0.6951522856848388
0.695638377778248
0.6961244601499127
0.6966105328000275
0.6970965957287865
0.6975826489363842
0.6980686924230153
0.6985547261888739
0.6990407502341546
0.6995267645590518
0.7000127691637599
0.7004987640484731
0.700984749213386
0.7014707246586932
0.7019566903845887
0.7024426463912671
0.7029285926789225
0.7034145292477496
0.7039004560979427
0.7043863732296962
0.7048722806432044
0.7053581783386615
0.7058440663162623
0.7063299445762008
0.7068158131186715
0.7073016719438687
0.7077875210519868
0.70827336044322
0.7087591901177626
0.7092450100758091
0.7097308203175537
0.7102166208431909
0.7107024116529149
0.7111881927469201
0.7116739641254007
0.712159725788551
0.7126454777365655
0.7131312199696384
0.7136169524879638
0.7141026752917362
0.71458838838115
0.7150740917563992
0.7155597854176783
0.7160454693651814
0.7165311435991029
0.717016808119637
0.717502462926978
0.7179881080213201
0.7184737434028577
0.7189593690717851
0.7194449850282965
0.7199305912725857
0.7204161878048475
0.720901774625276
0.7213873517340654
0.72187291913141
0.722358476817504
0.7228440247925415
0.7233295630567168
0.7238150916102241
0.7243006104532577
0.7247861195860117
0.7252716190086803
0.7257571087214576
0.726242588724538
0.7267280590181157
0.7272135196023848
0.7276989704775395
0.728184411643774
0.7286698431012825
0.7291552648502592
0.729640676890898
0.7301260792233933
0.7306114718479394
0.7310968547647302
0.73158222797396
0.7320675914758228
0.732552945270513
0.7330382893582245
0.7335236237391515
0.7340089484134881
0.7344942633814285
0.7349795686431669
0.7354648641988972
0.7359501500488137
0.7364354261931105
0.7369206926319817
0.7374059493656214
0.7378911963942236
0.7383764337179826
0.7388616613370923
0.7393468792517469
0.7398320874621404
0.740317285968467
0.7408024747709209
0.7412876538696959
0.7417728232649861
0.7422579829569858
0.7427431329458888
0.7432282732318892
0.7437134038151813
0.7441985246959589
0.7446836358744162
0.7451687373507471
0.7456538291251458
0.7461389111978061
0.7466239835689222
0.7471090462386883
0.7475940992072982
0.748079142474946
0.7485641760418256
0.7490491999081311
0.7495342140740566
0.7500192185397959
0.7505042133055431
0.7509891983714923
0.7514741737378373
0.7519591394047723
0.7524440953724912
0.7529290416411881
0.7534139782110567
0.7538989050822912
0.7543838222550855
0.7548687297296336
0.7553536275061293
0.7558385155847668
0.75632339396574
0.7568082626492426
0.7572931216354688
0.7577779709246125
0.7582628105168677
0.7587476404124281
0.7592324606114882
0.7597172711142413
0.7602020719208816
0.760686863031603
0.7611716444465995
0.7616564161660646
0.7621411781901926
0.7626259305191773
0.7631106731532126
0.7635954060924925
0.7640801293372109
0.7645648428875617
0.7650495467437384
0.7655342409059354
0.7660189253743463
0.7665036001491651
0.7669882652305855
0.7674729206188016
0.7679575663140069
0.7684422023163957
0.7689268286261616
0.7694114452434986
0.7698960521686002
0.7703806494016606
0.7708652369428736
0.7713498147924329
0.7718343829505323
0.7723189414173658
0.7728034901931272
0.7732880292780103
0.7737725586722088
0.7742570783759166
0.7747415883893276
0.7752260887126354
0.7757105793460339
0.776195060289717
0.7766795315438781
0.7771639931087118
0.7776484449844112
0.7781328871711702
0.7786173196691827
0.7791017424786424
0.7795861555997431
0.7800705590326785
0.7805549527776424
0.7810393368348285
0.7815237112044308
0.7820080758866427
0.7824924308816581
0.7829767761896708
0.7834611118108746
0.7839454377454632
0.7844297539936301
0.7849140605555693
0.7853983574314745
0.7858826446215393
0.7863669221259575
0.7868511899449228
0.7873354480786288
0.7878196965272691
0.7883039352910378
0.7887881643701282
0.7892723837647344
0.7897565934750497
0.7902407935012679
0.7907249838435828
0.7912091645021879
0.791693335477277
0.792177496769044
0.7926616483776822
0.7931457903033853
0.793629922546347
0.7941140451067611
0.7945981579848211
0.7950822611807207
0.7955663546946535
0.7960504385268131
0.7965345126773933
0.7970185771465875
0.7975026319345896
0.7979866770415931
0.7984707124677914
0.7989547382133784
0.7994387542785476
0.7999227606634928
0.8004067573684074
0.8008907443934848
0.801374721738919
0.8018586894049033
0.8023426473916315
0.8028265956992972
0.8033105343280937
0.803794463278215
0.8042783825498543
0.8047622921432053
0.8052461920584616
0.8057300822958167
0.8062139628554641
0.8066978337375974
0.8071816949424102
0.807665546470096
0.8081493883208486
0.8086332204948611
0.8091170429923272
0.8096008558134407
0.8100846589583947
0.810568452427383
0.811052236220599
0.8115360103382363
0.8120197747804883
0.8125035295475485
0.8129872746396104
0.8134710100568678
0.8139547357995139
0.8144384518677422
0.8149221582617464
0.8154058549817197
0.8158895420278557
0.8163732194003479
0.8168568870993898
0.8173405451251747
0.8178241934778964
0.818307832157748
0.8187914611649232
0.8192750804996153
0.8197586901620179
0.8202422901523243
0.820725880470728
0.8212094611174223
0.8216930320926009
0.8221765933964572
0.8226601450291844
0.8231436869909761
0.8236272192820255
0.8241107419025263
0.8245942548526719
0.8250777581326553
0.8255612517426704
0.8260447356829104
0.8265282099535687
0.8270116745548385
0.8274951294869135
0.8279785747499869
0.8284620103442522
0.8289454362699026
0.8294288525271316
0.8299122591161326
0.8303956560370989
0.8308790432902238
0.8313624208757007
0.8318457887937231
0.8323291470444842
0.8328124956281775
0.8332958345449961
0.8337791637951334
0.8342624833787827
0.8347457932961375
0.8352290935473909
0.8357123841327365
0.8361956650523675
0.8366789363064772
0.8371621978952588
0.8376454498189057
0.8381286920776111
0.8386119246715685
0.8390951476009711
0.8395783608660122
0.8400615644668851
0.8405447584037831
0.8410279426768993
0.8415111172864271
0.84199428223256
0.842477437515491
0.8429605831354133
0.8434437190925204
0.8439268453870054
0.8444099620190615
0.844893068988882
0.8453761662966601
0.8458592539425893
0.8463423319268626
0.8468254002496732
0.8473084589112146
0.8477915079116797
0.8482745472512618
0.8487575769301543
0.8492405969485504
0.849723607306643
0.8502066080046254
0.8506895990426909
0.8511725804210327
0.8516555521398441
0.8521385141993183
0.8526214665996482
0.8531044093410272
0.8535873424236483
0.854070265847705
0.8545531796133902
0.8550360837208971
0.8555189781704189
0.8560018629621489
0.8564847380962802
0.8569676035730057
0.8574504593925188
0.8579333055550127
0.8584161420606803
0.8588989689097147
0.8593817861023093
0.8598645936386571
0.8603473915189511
0.8608301797433847
0.8613129583121507
0.8617957272254426
0.8622784864834531
0.8627612360863754
0.8632439760344028
0.8637267063277283
0.864209426966545
0.8646921379510462
0.8651748392814246
0.8656575309578732
0.8661402129805856
0.8666228853497545
0.867105548065573
0.8675882011282344
0.8680708445379314
0.8685534782948575
0.8690361023992054
0.8695187168511682
0.8700013216509391
0.870483916798711
0.8709665022946769
0.8714490781390298
0.8719316443319631
0.8724142008736695
0.8728967477643421
0.8733792850041739
0.873861812593358
0.8743443305320874
0.8748268388205549
0.8753093374589538
0.8757918264474769
0.8762743057863174
0.8767567754756681
0.877239235515722
0.8777216859066722
0.8782041266487115
0.8786865577420332
0.8791689791868299
0.8796513909832949
0.8801337931316211
0.8806161856320012
0.8810985684846284
0.8815809416896956
0.8820633052473956
0.8825456591579216
0.8830280034214665
0.883510338038223
0.8839926630083842
0.8844749783321431
0.8849572840096925
0.8854395800412255
0.8859218664269348
0.8864041431670135
0.8868864102616544
0.8873686677110504
0.8878509155153944
0.8883331536748794
0.8888153821896982
0.8892976010600437
0.889779810286109
0.8902620098680866
0.8907441998061696
0.891226380100551
0.8917085507514234
0.8921907117589799
0.8926728631234134
0.8931550048449166
0.8936371369236823
0.8941192593599034
0.894601372153773
0.8950834753054837
0.8955655688152283
0.8960476526831999
0.896529726909591
0.8970117914945946
0.8974938464384037
0.897975891741211
0.8984579274032091
0.898939953424591
0.8994219698055496
0.8999039765462776
0.9003859736469678
0.900867961107813
0.901349938929006
0.9018319071107395
0.9023138656532066
0.9027958145565999
0.9032777538211119
0.9037596834469358
0.9042416034342642
0.9047235137832899
0.9052054144942057
0.9056873055672042
0.9061691870024784
0.9066510588002208
0.9071329209606244
0.9076147734838816
0.9080966163701855
0.9085784496197287
0.909060273232704
0.9095420872093041
0.9100238915497215
0.9105056862541493
0.91098747132278
0.9114692467558062
0.9119510125534209
0.9124327687158167
0.9129145152431863
0.9133962521357223
0.9138779793936175
0.9143596970170645
0.9148414050062562
0.915323103361385
0.9158047920826438
0.9162864711702251
0.9167681406243218
0.9172498004451263
0.9177314506328315
0.9182130911876301
0.9186947221097145
0.9191763433992775
0.9196579550565118
0.92013955708161
0.9206211494747647
0.9211027322361686
0.9215843053660142
0.9220658688644942
0.9225474227318012
0.9230289669681281
0.9235105015736671
0.923992026548611
0.9244735418931526
0.9249550476074843
0.9254365436917987
0.9259180301462886
0.9263995069711463
0.9268809741665646
0.9273624317327359
0.927843879669853
0.9283253179781085
0.9288067466576947
0.9292881657088043
0.9297695751316299
0.9302509749263641
0.9307323650931993
0.9312137456323285
0.931695116543944
0.9321764778282381
0.9326578294854035
0.933139171515633
0.9336205039191187
0.9341018266960536
0.9345831398466298
0.93506444337104
0.9355457372694768
0.9360270215421326
0.9365082961892001
0.9369895612108716
0.9374708166073399
0.9379520623787971
0.938433298525436
0.938914525047449
0.9393957419450284
0.9398769492183671
0.9403581468676573
0.9408393348930916
0.9413205132948622
0.9418016820731621
0.9422828412281834
0.9427639907601185
0.9432451306691602
0.9437262609555006
0.9442073816193323
0.9446884926608478
0.9451695940802394
0.9456506858776996
0.9461317680534211
0.9466128406075961
0.9470939035404171
0.9475749568520764
0.9480560005427665
0.9485370346126799
0.9490180590620089
0.9494990738909459
0.9499800790996834
0.9504610746884139
0.9509420606573296
0.9514230370066227
0.9519040037364861
0.9523849608471119
0.9528659083386926
0.9533468462114204
0.9538277744654879
0.9543086931010873
0.9547896021184112
0.9552705015176517
0.9557513912990012
0.9562322714626521
0.9567131420087968
0.9571940029376276
0.957674854249337
0.9581556959441171
0.9586365280221604
0.9591173504836592
0.9595981633288058
0.9600789665577926
0.9605597601708118
0.9610405441680557
0.9615213185497169
0.9620020833159874
0.9624828384670596
0.9629635840031259
0.9634443199243785
0.9639250462310097
0.9644057629232119
0.9648864700011773
0.9653671674650982
0.9658478553151669
0.9663285335515757
0.9668092021745167
0.9672898611841824
0.9677705105807649
0.9682511503644565
0.9687317805354496
0.9692124010939364
0.969693012040109
0.9701736133741597
0.9706542050962809
0.9711347872066647
0.9716153597055033
0.972095922592989
0.9725764758693141
0.9730570195346706
0.9735375535892509
0.9740180780332471
0.9744985928668515
0.9749790980902564
0.9754595937036539
0.9759400797072362
0.9764205561011955
0.9769010228857238
0.9773814800610137
0.9778619276272571
0.9783423655846462
0.9788227939333731
0.9793032126736302
0.9797836218056096
0.9802640213295036
0.9807444112455042
0.9812247915538035
0.9817051622545937
0.982185523348067
0.9826658748344155
0.9831462167138313
0.9836265489865067
0.9841068716526337
0.9845871847124044
0.985067488166011
0.9855477820136456
0.9860280662555003
0.9865083408917672
0.9869886059226386
0.9874688613483065
0.9879491071689629
0.9884293433847998
0.9889095699960098
0.9893897870027845
0.9898699944053162
0.9903501922037968
0.9908303803984186
0.9913105589893737
0.991790727976854
0.9922708873610516
0.9927510371421586
0.9932311773203673
0.9937113078958693
0.9941914288688569
0.9946715402395222
0.9951516420080572
0.9956317341746539
0.9961118167395044
0.9965918897028008
0.997071953064735
0.9975520068254988
0.9980320509852847
0.9985120855442845
0.9989921105026902
0.9994721258606939
0.9999521316184876
1.0004321277762631
1.0009121143342123
1.0013920912925278
1.0018720586514012
1.0023520164110244
1.0028319645715895
1.0033119031332884
1.0037918320963135
1.0042717514608561
1.0047516612271086
1.005231561395263
1.0057114519655113
1.006191332938045
1.0066712043130563
1.0071510660907377
1.0076309182712806
1.008110760854877
1.0085905938417188
1.009070417231998
1.0095502310259066
1.0100300352236364
1.0105098298253794
1.0109896148313273
1.0114693902416723
1.0119491560566063
1.012428912276321
1.0129086589010086
1.0133883959308607
1.0138681233660696
1.0143478412068265
1.0148275494533239
1.0153072481057535
1.0157869371643076
1.0162666166291774
1.016746286500555
1.0172259467786322
1.0177055974636011
1.0181852385556538
1.0186648700549814
1.0191444919617765
1.0196241042762306
1.0201037069985355
1.020583300128883
1.0210628836674651
1.0215424576144734
1.0220220219701
1.0225015767345365
1.022981121907975
1.0234606574906073
1.0239401834826252
1.0244196998842203
1.0248992066955844
1.0253787039169098
1.0258581915483875
1.02633766959021
1.0268171380425686
1.0272965969056556
1.0277760461796626
1.028255485864781
1.0287349159612031
1.0292143364691204
1.0296937473887249
1.0301731487202082
1.030652540463762
1.0311319226195783
1.0316112951878484
1.0320906581687643
1.0325700115625178
1.0330493553693008
1.0335286895893048
1.0340080142227215
1.0344873292697427
1.0349666347305604
1.035445930605366
1.0359252168943514
1.036404493597708
1.0368837607156278
1.0373630182483027
1.037842266195924
1.0383215045586836
1.038800733336773
1.039279952530384
1.0397591621397084
1.040238362164938
1.0407175526062642
1.041196733463879
1.0416759047379738
1.0421550664287402
1.0426342185363702
1.043113361061055
1.0435924940029868
1.044071617362357
1.0445507311393574
1.0450298353341791
1.0455089299470142
1.0459880149780545
1.0464670904274915
1.0469461562955165
1.0474252125823214
1.0479042592880976
1.048383296413037
1.0488623239573314
1.0493413419211721
1.049820350304751
1.050299349108259
1.0507783383318885
1.0512573179758307
1.0517362880402774
1.05221524852542
1.05269419943145
1.0531731407585592
1.0536520725069394
1.0541309946767816
1.054609907268278
1.0550888102816194
1.055567703716998
1.056046587574605
1.0565254618546325
1.0570043265572715
1.0574831816827135
1.0579620272311503
1.0584408632027735
1.0589196895977748
1.0593985064163454
1.059877313658677
1.0603561113249609
1.0608348994153887
1.0613136779301524
1.0617924468694429
1.0622712062334518
1.062749956022371
1.0632286962363915
1.0637074268757054
1.0641861479405035
1.0646648594309778
1.0651435613473192
1.0656222536897197
1.0661009364583705
1.0665796096534634
1.0670582732751899
1.067536927323741
1.0680155717993083
1.0684942067020837
1.0689728320322587
1.0694514477900243
1.069930053975572
1.0704086505890935
1.0708872376307799
1.0713658151008225
1.0718443829994133
1.0723229413267437
1.0728014900830045
1.0732800292683877
1.0737585588830842
1.0742370789272864
1.0747155894011846
1.0751940903049708
1.0756725816388366
1.076151063402973
1.0766295355975712
1.0771079982228229
1.0775864512789197
1.078064894766053
1.0785433286844135
1.0790217530341932
1.0795001678155831
1.079978573028775
1.0804569686739598
1.0809353547513292
1.0814137312610743
1.0818920982033866
1.0823704555784577
1.0828488033864785
1.0833271416276407
1.0838054703021351
1.0842837894101538
1.0847620989518878
1.085240398927528
1.0857186893372666
1.0861969701812941
1.086675241459802
1.0871535031729818
1.0876317553210249
1.0881099979041224
1.0885882309224655
1.0890664543762458
1.0895446682656547
1.0900228725908832
1.0905010673521225
1.0909792525495638
1.091457428183399
1.0919355942538191
1.092413750761015
1.092891897705178
1.0933700350864997
1.093848162905171
1.0943262811613836
1.0948043898553286
1.095282488987197
1.0957605785571805
1.0962386585654698
1.0967167290122566
1.097194789897732
1.0976728412220869
1.098150882985513
1.0986289151882014
1.099106937830343
1.0995849509121296
1.100062954433752
1.100540948395401
1.1010189327972684
1.101496907639545
1.1019748729224228
1.1024528286460924
1.1029307748107449
1.1034087114165716
1.1038866384637636
1.1043645559525122
1.1048424638830086
1.1053203622554437
1.1057982510700093
1.106276130326896
1.1067540000262952
1.1072318601683977
1.1077097107533949
1.1081875517814777
1.108665383252838
1.1091432051676662
1.1096210175261536
1.1100988203284912
1.1105766135748707
1.1110543972654825
1.1115321714005182
1.1120099359801687
1.1124876910046255
1.112965436474079
1.1134431723887208
1.113920898748742
1.1143986155543333
1.114876322805686
1.1153540205029915
1.1158317086464407
1.1163093872362244
1.1167870562725342
1.1172647157555606
1.117742365685495
1.1182200060625287
1.1186976368868522
1.119175258158657
1.1196528698781338
1.120130472045474
1.1206080646608683
1.121085647724508
1.121563221236584
1.1220407851972876
1.1225183396068092
1.1229958844653405
1.1234734197730722
1.1239509455301953
1.124428461736901
1.1249059683933802
1.125383465499824
1.1258609530564232
1.126338431063369
1.1268158995208524
1.1272933584290645
1.1277708077881958
1.1282482475984377
1.128725677859981
1.1292030985730168
1.129680509737736
1.1301579113543296
1.1306353034229886
1.131112685943904
1.1315900589172665
1.1320674223432674
1.1325447762220975
1.1330221205539475
1.1334994553390088
1.1339767805774719
1.1344540962695282
1.1349314024153683
1.1354086990151833
1.135885986069164
1.1363632635775012
1.136840531540386
1.1373177899580096
1.1377950388305624
1.1382722781582355
1.1387495079412195
1.139226728179706
1.1397039388738854
1.1401811400239485
1.1406583316300865
1.1411355136924901
1.1416126862113503
1.1420898491868579
1.1425670026192036
1.1430441465085786
1.1435212808551736
1.1439984056591797
1.144475520920787
1.1449526266401873
1.1454297228175707
1.1459068094531284
1.1463838865470513
1.14686095409953
1.1473380121107555
1.1478150605809185
1.1482920995102102
1.1487691288988209
1.1492461487469419
1.1497231590547639
1.1502001598224774
1.1506771510502734
1.1511541327383428
1.1516311048868761
1.1521080674960644
1.1525850205660986
1.1530619640971689
1.1535388980894665
1.1540158225431822
1.1544927374585068
1.1549696428356309
1.1554465386747452
1.1559234249760406
1.1564003017397082
1.1568771689659383
1.1573540266549218
1.1578308748068493
1.158307713421912
1.1587845425003
1.1592613620422043
1.1597381720478157
1.1602149725173252
1.1606917634509233
1.1611685448488007
1.161645316711148
1.162122079038156
1.1625988318300153
1.1630755750869166
1.163552308809051
1.1640290329966088
1.1645057476497809
1.1649824527687578
1.1654591483537304
1.1659358344048893
1.166412510922425
1.1668891779065285
1.1673658353573904
1.167842483275201
1.1683191216601512
1.1687957505124318
1.1692723698322336
1.1697489796197469
1.1702255798751624
1.170702170598671
1.1711787517904633
1.1716553234507296
1.172131885579661
1.1726084381774473
1.17308498124428
1.1735615147803493
1.1740380387858462
1.1745145532609607
1.174991058205884
1.1754675536208066
1.1759440395059189
1.1764205158614116
1.1768969826874753
1.1773734399843008
1.1778498877520782
1.1783263259909984
1.178802754701252
1.1792791738830297
1.1797555835365219
1.1802319836619188
1.1807083742594113
1.18118475532919
1.1816611268714459
1.1821374888863687
1.1826138413741494
1.1830901843349786
1.1835665177690466
1.1840428416765443
1.184519156057662
1.18499546091259
1.185471756241519
1.18594804204464
1.186424318322143
1.1869005850742187
1.1873768423010573
1.18785309000285
1.188329328179787
1.1888055568320584
1.1892817759598548
1.1897579855633673
1.1902341856427858
1.190710376198301
1.191186557230103
1.191662728738383
1.192138890723331
1.1926150431851374
1.193091186123993
1.193567319540088
1.1940434434336131
1.1945195578047587
1.1949956626537153
1.1954717579806728
1.1959478437858224
1.1964239200693538
1.196899986831458
1.1973760440723256
1.1978520917921467
1.1983281299911113
1.1988041586694103
1.199280177827234
1.1997561874647729
1.2002321875822175
1.2007081781797582
1.2011841592575851
1.2016601308158892
1.2021360928548603
1.2026120453746891
1.203087988375566
1.2035639218576815
1.2040398458212256
1.2045157602663885
1.2049916651933612
1.2054675606023337
1.2059434464934966
1.2064193228670401
1.2068951897231543
1.20737104706203
1.2078468948838572
1.2083227331888264
1.2087985619771282
1.2092743812489524
1.2097501910044899
1.2102259912439308
1.2107017819674653
1.2111775631752837
1.2116533348675764
1.212129097044534
1.2126048497063464
1.2130805928532042
1.2135563264852978
1.2140320506028173
1.2145077652059528
1.214983470294895
1.2154591658698337
1.2159348519309596
1.216410528478463
1.2168861955125336
1.217361853033362
1.2178375010411389
1.218313139536054
1.218788768518298
1.219264387988061
1.219739997945533
1.2202155983909047
1.220691189324366
1.2211667707461071
1.2216423426563185
1.2221179050551905
1.222593457942913
1.2230690013196763
1.2235445351856709
1.2240200595410866
1.2244955743861141
1.2249710797209432
1.2254465755457644
1.2259220618607678
1.2263975386661436
1.2268730059620823
1.2273484637487735
1.2278239120264076
1.2282993507951752
1.2287747800552662
1.2292501998068706
1.2297256100501786
1.2302010107853805
1.2306764020126664
1.2311517837322268
1.2316271559442513
1.2321025186489305
1.2325778718464544
1.233053215537013
1.2335285497207968
1.234003874397996
1.2344791895688
1.2349544952333997
1.2354297913919847
1.2359050780447454
1.236380355191872
1.2368556228335545
1.2373308809699828
1.2378061296013476
1.2382813687278384
1.238756598349646
1.2392318184669597
1.23970702907997
1.2401822301888672
1.2406574217938409
1.2411326038950814
1.241607776492779
1.2420829395871238
1.2425580931783053
1.2430332372665143
1.24350837185194
1.243983496934773
1.2444586125152035
1.244933718593421
1.245408815169616
1.2458839022439787
1.246358979816699
1.246834047887967
1.2473091064579724
1.2477841555269054
1.2482591950949562
1.2487342251623148
1.249209245729171
1.249684256795715
1.2501592583621366
1.2506342504286256
1.2511092329953728
1.2515842060625675
1.2520591696304002
1.2525341236990604
1.2530090682687385
1.2534840033396246
1.2539589289119082
1.2544338449857795
1.2549087515614286
1.255383648639045
1.2558585362188193
1.2563334143009408
1.2568082828856002
1.2572831419729869
1.2577579915632913
1.2582328316567029
1.258707662253412
1.259182483353608
1.2596572949574814
1.2601320970652221
1.26060688967702
1.2610816727930647
1.2615564464135465
1.262031210538655
1.2625059651685804
1.2629807103035127
1.2634554459436413
1.2639301720891565
1.2644048887402481
1.2648795958971062
1.26535429355992
1.2658289817288801
1.2663036604041764
1.2667783295859985
1.2672529892745363
1.2677276394699797
1.2682022801725186
1.268676911382343
1.2691515330996426
1.269626145324607
1.2701007480574265
1.2705753412982908
1.2710499250473895
1.2715244993049126
1.2719990640710503
1.272473619345992
1.272948165129928
1.2734227014230477
1.2738972282255407
1.2743717455375976
1.2748462533594076
1.2753207516911604
1.2757952405330466
1.2762697198852553
1.2767441897479768
1.2772186501214002
1.277693101005716
1.2781675424011136
1.2786419743077828
1.2791163967259134
1.2795908096556952
1.2800652130973182
1.280539607050972
1.2810139915168464
1.281488366495131
1.2819627319860158
1.2824370879896905
1.2829114345063446
1.283385771536168
1.2838600990793507
1.2843344171360824
1.2848087257065528
1.2852830247909512
1.2857573143894676
1.286231594502292
1.2867058651296137
1.2871801262716227
1.2876543779285088
1.2881286201004614
1.2886028527876703
1.2890770759903254
1.289551289708616
1.2900254939427322
1.290499688692864
1.2909738739592003
1.2914480497419312
1.2919222160412462
1.2923963728573353
1.2928705201903878
1.2933446580405938
1.2938187864081425
1.294292905293224
1.2947670146960273
1.2952411146167426
1.2957152050555596
1.2961892860126676
1.2966633574882565
1.297137419482516
1.2976114719956358
1.298085515027805
1.2985595485792136
1.2990335726500513
1.2995075872405075
1.299981592350772
1.3004555879810347
1.3009295741314846
1.3014035508023116
1.3018775179937054
1.3023514757058554
1.302825423938951
1.3032993626931821
1.3037732919687384
1.3042472117658093
1.3047211220845845
1.3051950229252536
1.305668914288006
1.3061427961730312
1.3066166685805192
1.3070905315106591
1.307564384963641
1.3080382289396537
1.3085120634388874
1.308985888461531
1.3094597040077744
1.3099335100778076
1.3104073066718194
1.3108810937899997
1.3113548714325378
1.3118286395996237
1.3123023982914466
1.3127761475081958
1.313249887250061
1.3137236175172318
1.3141973383098973
1.3146710496282477
1.3151447514724721
1.3156184438427603
1.3160921267393013
1.3165658001622849
1.3170394641119003
1.3175131185883373
1.3179867635917852
1.3184603991224337
1.3189340251804722
1.3194076417660898
1.3198812488794764
1.3203548465208212
1.3208284346903136
1.3213020133881432
1.3217755826144997
1.3222491423695721
1.32272269265355
1.323196233466623
1.3236697648089804
1.3241432866808112
1.3246167990823057
1.3250903020136526
1.3255637954750419
1.3260372794666622
1.3265107539887033
1.3269842190413548
1.3274576746248063
1.3279311207392468
1.3284045573848657
1.3288779845618526
1.3293514022703967
1.3298248105106873
1.330298209282914
1.3307715985872661
1.331244978423933
1.3317183487931041
1.3321917096949683
1.3326650611297155
1.3331384030975348
1.333611735598616
1.3340850586331476
1.33455837220132
1.3350316763033219
1.3355049709393427
1.3359782561095719
1.3364515318141983
1.3369247980534118
1.3373980548274016
1.3378713021363569
1.3383445399804672
1.3388177683599214
1.3392909872749093
1.3397641967256197
1.3402373967122423
1.3407105872349665
1.3411837682939811
1.3416569398894758
1.3421301020216398
1.3426032546906623
1.3430763978967326
1.3435495316400399
1.3440226559207735
1.3444957707391227
1.344968876095277
1.345441971989425
1.3459150584217567
1.3463881353924612
1.3468612029017275
1.347334260949745
1.3478073095367027
1.34828034866279
1.3487533783281958
1.3492263985331099
1.3496994092777213
1.3501724105622193
1.350645402386793
1.3511183847516317
1.3515913576569245
1.352064321102861
1.3525372750896294
1.3530102196174199
1.3534831546864212
1.353956080296823
1.3544289964488139
1.354901903142583
1.3553748003783201
1.3558476881562143
1.3563205664764542
1.3567934353392292
1.357266294744729
1.3577391446931422
1.3582119851846581
1.3586848162194658
1.3591576377977543
1.359630449919713
1.360103252585531
1.3605760457953975
1.3610488295495016
1.3615216038480322
1.3619943686911788
1.3624671240791304
1.3629398700120758
1.3634126064902046
1.3638853335137056
1.3643580510827682
1.3648307591975808
1.3653034578583334
1.3657761470652148
1.3662488268184139
1.3667214971181199
1.3671941579645217
1.3676668093578086
1.3681394512981695
1.3686120837857936
1.3690847068208698
1.3695573204035876
1.3700299245341359
1.3705025192127036
1.3709751044394798
1.3714476802146536
1.371920246538414
1.3723928034109498
1.3728653508324504
1.3733378888031051
1.3738104173231025
1.3742829363926317
1.3747554460118816
1.3752279461810417
1.3757004369003005
1.3761729181698472
1.3766453899898707
1.3771178523605603
1.3775903052821048
1.378062748754693
1.3785351827785142
1.3790076073537574
1.3794800224806114
1.3799524281592654
1.3804248243899082
1.3808972111727287
1.3813695885079162
1.3818419563956594
1.3823143148361476
1.3827866638295694
1.3832590033761136
1.3837313334759695
1.384203654129326
1.384675965336372
1.3851482670972965
1.3856205594122886
1.3860928422815366
1.3865651157052303
1.387037379683558
1.387509634216709
1.387981879304872
1.388454114948236
1.38892634114699
1.3893985579013226
1.3898707652114228
1.3903429630774797
1.390815151499682
1.391287330478219
1.3917595000132794
1.3922316601050517
1.3927038107537253
1.3931759519594886
1.393648083722531
1.394120206043041
1.3945923189212077
1.39506442235722
1.3955365163512665
1.396008600903536
1.3964806760142174
1.3969527416834997
1.3974247979115717
1.3978968446986224
1.3983688820448406
1.3988409099504149
1.3993129284155346
1.399784937440388
1.400256937025164
1.4007289271700518
1.4012009078752399
1.401672879140917
1.4021448409672719
1.402616793354494
1.4030887363027713
1.4035606698122933
1.4040325938832483
1.4045045085158254
1.4049764137102132
1.4054483094666008
1.4059201957851768
1.4063920726661296
1.4068639401096483
1.407335798115922
1.407807646685139
1.408279485817488
1.4087513155131581
1.4092231357723377
1.4096949465952162
1.4101667479819815
1.4106385399328227
1.4111103224479287
1.411582095527488
1.4120538591716898
1.412525613380722
1.4129973581547741
1.4134690934940344
1.4139408193986918
1.414412535868935
1.4148842429049526
1.4153559405069331
1.4158276286750657
1.416299307409539
1.4167709767105414
1.4172426365782618
1.417714287012889
1.4181859280146112
1.4186575595836175
1.4191291817200964
1.419600794424237
1.4200723976962275
1.4205439915362568
1.4210155759445133
1.4214871509211857
1.4219587164664629
1.4224302725805336
1.422901819263586
1.4233733565158089
1.4238448843373912
1.4243164027285213
1.424787911689388
1.42525941122018
1.4257309013210853
1.4262023819922933
1.4266738532339922
1.4271453150463707
1.4276167674296176
1.4280882103839212
1.4285596439094703
1.4290310680064535
1.4295024826750593
1.4299738879154762
1.4304452837278931
1.4309166701124982
1.4313880470694804
1.4318594145990282
1.4323307727013301
1.4328021213765747
1.4332734606249504
1.433744790446646
1.43421611084185
1.434687421810751
1.4351587233535372
1.4356300154703976
1.4361012981615204
1.4365725714270945
1.4370438352673083
1.43751508968235
1.4379863346724089
1.4384575702376727
1.4389287963783304
1.4394000130945706
1.4398712203865813
1.4403424182545512
1.440813606698669
1.4412847857191229
1.4417559553161017
1.4422271154897939
1.4426982662403876
1.4431694075680717
1.4436405394730345
1.4441116619554648
1.4445827750155507
1.4450538786534808
1.4455249728694437
1.4459960576636273
1.4464671330362207
1.4469381989874122
1.44740925551739
1.447880302626343
1.448351340314459
1.448822368581927
1.4492933874289353
1.4497643968556722
1.4502353968623263
1.450706387449086
1.4511773686161396
1.4516483403636757
1.4521193026918826
1.452590255600949
1.4530611990910627
1.4535321331624127
1.454003057815187
1.4544739730495742
1.4549448788657626
1.455415775263941
1.455886662244297
1.4563575398070197
1.456828407952297
1.4572992666803175
1.4577701159912695
1.4582409558853415
1.4587117863627217
1.459182607423599
1.4596534190681607
1.460124221296596
1.4605950141090929
1.4610657975058399
1.4615365714870254
1.4620073360528376
1.4624780912034647
1.4629488369390953
1.4634195732599178
1.46389030016612
1.4643610176578907
1.4648317257354182
1.4653024243988908
1.4657731136484966
1.466243793484424
1.466714463906861
1.4671851249159966
1.4676557765120188
1.468126418695116
1.468597051465476
1.4690676748232874
1.4695382887687385
1.4700088933020174
1.4704794884233128
1.4709500741328125
1.471420650430705
1.4718912173171785
1.4723617747924214
1.4728323228566218
1.473302861509968
1.473773390752648
1.4742439105848504
1.4747144210067633
1.475184922018575
1.4756554136204736
1.4761258958126475
1.476596368595285
1.477066831968574
1.4775372859327027
1.4780077304878598
1.4784781656342332
1.478948591372011
1.4794190077013816
1.479889414622533
1.4803598121356534
1.480830200240931
1.4813005789385543
1.4817709482287111
1.48224130811159
1.4827116585873787
1.4831819996562658
1.483652331318439
1.484122653574087
1.4845929664233977
1.4850632698665593
1.48553356390376
1.4860038485351876
1.4864741237610308
1.4869443895814773
1.4874146459967155
1.4878848930069333
1.488355130612319
1.4888253588130609
1.4892955776093468
1.489765787001365
1.4902359869893036
1.4907061775733506
1.4911763587536941
1.4916465305305222
1.4921166929040233
1.4925868458743852
1.4930569894417962
1.4935271236064445
1.493997248368518
1.4944673637282044
1.4949374696856923
1.4954075662411694
1.4958776533948241
1.4963477311468443
1.4968177994974183
1.497287858446734
1.4977579079949797
1.4982279481423428
1.498697978889012
1.4991680002351753
1.4996380121810204
1.5001080147267358
1.500578007872509
1.5010479916185286
1.5015179659649822
1.5019879309120578
1.5024578864599436
1.5029278326088276
1.5033977693588978
1.5038676967103424
1.5043376146633491
1.504807523218106
1.5052774223748013
1.505747312133623
1.5062171924947585
1.5066870634583964
1.5071569250247243
1.5076267771939305
1.508096619966203
1.5085664533417293
1.5090362773206978
1.5095060919032968
1.5099758970897135
1.5104456928801362
1.5109154792747528
1.5113852562737515
1.51185502387732
1.5123247820856465
1.5127945308989186
1.5132642703173245
1.513734000341052
1.5142037209702892
1.5146734322052235
1.5151431340460435
1.5156128264929372
1.516082509546092
1.5165521832056956
1.5170218474719364
1.517491502345002
1.5179611478250807
1.51843078391236
1.5189004106070283
1.5193700279092728
1.5198396358192818
1.5203092343372435
1.520778823463345
1.5212484031977749
1.5217179735407205
1.5221875344923699
1.5226570860529114
1.5231266282225322
1.5235961610014208
1.5240656843897646
1.5245351983877515
1.5250047029955693
1.5254741982134061
1.5259436840414495
1.5264131604798874
1.5268826275289074
1.527352085188698
1.527821533459446
1.5282909723413403
1.5287604018345682
1.5292298219393174
1.5296992326557761
1.5301686339841318
1.5306380259245724
1.5311074084772858
1.5315767816424597
1.5320461454202818
1.53251549981094
1.5329848448146217
1.5334541804315152
1.5339235066618082
1.5343928235056883
1.5348621309633432
1.535331429034961
1.5358007177207291
1.5362699970208356
1.5367392669354683
1.5372085274648144
1.5376777786090623
1.5381470203683993
1.5386162527430132
1.5390854757330918
1.5395546893388232
1.5400238935603947
1.5404930883979941
1.5409622738518092
1.5414314499220274
1.5419006166088367
1.542369773912425
1.5428389218329797
1.5433080603706886
1.5437771895257395
1.5442463092983199
1.5447154196886177
1.5451845206968204
1.5456536123231157
1.5461226945676916
1.5465917674307355
1.5470608309124352
1.5475298850129782
1.5479989297325523
1.548467965071345
1.5489369910295445
1.549406007607338
1.549875014804913
1.5503440126224575
1.5508130010601588
1.5512819801182047
1.5517509497967832
1.5522199100960816
1.5526888610162874
1.5531578025575885
1.5536267347201722
1.5540956575042264
1.5545645709099387
1.5550334749374968
1.555502369587088
1.5559712548589002
1.5564401307531208
1.5569089972699377
1.5573778544095382
1.55784670217211
1.5583155405578408
1.5587843695669181
1.5592531891995292
1.5597219994558622
1.560190800336104
1.560659591840443
1.5611283739690662
1.5615971467221612
1.562065910099916
1.5625346641025175
1.5630034087301536
1.563472143983012
1.56394086986128
1.5644095863651453
1.5648782934947953
1.5653469912504177
1.5658156796321998
1.5662843586403292
1.5667530282749935
1.56722168853638
1.5676903394246766
1.5681589809400704
1.5686276130827495
1.5690962358529006
1.5695648492507117
1.5700334532763704
1.5705020479300642
1.5709706332119802
1.5714392091223062
1.5719077756612296
1.5723763328289377
1.5728448806256183
1.5733134190514588
1.5737819481066468
1.5742504677913696
1.5747189781058144
1.575187479050169
1.5756559706246207
1.576124452829357
1.5765929256645652
1.577061389130433
1.5775298432271478
1.577998287954897
1.578466723313868
1.5789351493042483
1.5794035659262253
1.5798719731799864
1.580340371065719
1.5808087595836102
1.5812771387338478
1.581745508516619
1.5822138689321117
1.5826822199805128
1.5831505616620098
1.5836188939767903
1.5840872169250415
1.584555530506951
1.5850238347227057
1.5854921295724933
1.585960415056501
1.5864286911749166
1.586896957927927
1.5873652153157198
1.5878334633384825
1.5883017019964023
1.5887699312896668
1.589238151218463
1.5897063617829783
1.5901745629833999
1.5906427548199153
1.591110937292712
1.5915791104019772
1.5920472741478982
1.5925154285306624
1.5929835735504572
1.5934517092074696
1.593919835501887
1.5943879524338973
1.5948560600036872
1.595324158211444
1.595792247057355
1.5962603265416075
1.5967283966643893
1.597196457425887
1.5976645088262884
1.5981325508657809
1.598600583544551
1.5990686068627864
1.5995366208206743
1.6000046254184026
1.600472620656158
1.6009406065341274
1.601408583052499
1.6018765502114591
1.6023445080111955
1.6028124564518953
1.6032803955337458
1.6037483252569342
1.6042162456216478
1.6046841566280738
1.6051520582763994
1.6056199505668116
1.606087833499498
1.6065557070746455
1.6070235712924414
1.6074914261530733
1.607959271656728
1.6084271078035928
1.6088949345938548
1.6093627520277014
1.6098305601053196
1.6102983588268966
1.6107661481926199
1.6112339282026766
1.6117016988572535
1.6121694601565382
1.6126372121007173
1.6131049546899785
1.613572687924509
1.6140404118044958
1.6145081263301257
1.6149758315015865
1.6154435273190648
1.615911213782748
1.6163788908928234
1.616846558649478
1.617314217052899
1.6177818661032732
1.618249505800788
1.6187171361456305
1.6191847571379876
1.6196523687780469
1.6201199710659953
1.6205875640020195
1.6210551475863073
1.6215227218190453
1.6219902867004208
1.622457842230621
1.622925388409833
1.6233929252382435
1.6238604527160398
1.624327970843409
1.6247954796205382
1.6252629790476145
1.625730469124825
1.6261979498523569
1.6266654212303966
1.6271328832591319
1.6276003359387496
1.628067779269437
1.6285352132513806
1.6290026378847677
1.6294700531697854
1.629937459106621
1.6304048556954611
1.6308722429364932
1.6313396208299038
1.6318069893758802
1.6322743485746094
1.6327416984262781
1.6332090389310738
1.6336763700891832
1.6341436919007934
1.6346110043660917
1.6350783074852648
1.6355456012584997
1.6360128856859832
1.636480160767903
1.636947426504445
1.6374146828957972
1.6378819299421459
1.6383491676436786
1.638816396000582
1.6392836150130428
1.6397508246812482
1.6402180250053853
1.6406852159856409
1.6411523976222022
1.6416195699152558
1.6420867328649889
1.6425538864715883
1.6430210307352409
1.6434881656561342
1.6439552912344544
1.6444224074703888
1.6448895143641242
1.6453566119158478
1.645823700125746
1.646290778994006
1.6467578485208147
1.6472249087063588
1.6476919595508257
1.648159001054402
1.6486260332172749
1.6490930560396306
1.6495600695216566
1.6500270736635396
1.6504940684654665
1.6509610539276238
1.6514280300501987
1.651894996833378
1.652361954277349
1.6528289023822984
1.6532958411484127
1.6537627705758788
1.6542296906648841
1.654696601415615
1.655163502828258
1.6556303949030007
1.6560972776400298
1.6565641510395317
1.6570310151016934
1.6574978698267018
1.6579647152147439
1.6584315512660062
1.6588983779806756
1.6593651953589392
1.6598320034009837
1.6602988021069955
1.660765591477162
1.6612323715116695
1.661699142210705
1.6621659035744554
1.6626326556031077
1.6630993982968483
1.6635661316558639
1.6640328556803414
1.6644995703704677
1.6649662757264294
1.6654329717484133
1.6658996584366064
1.6663663357911955
1.666833003812367
1.6672996625003078
1.6677663118552049
1.6682329518772447
1.6686995825666142
1.6691662039235
1.6696328159480887
1.670099418640567
1.670566012001122
1.6710325960299404
1.6714991707272087
1.6719657360931137
1.6724322921278423
1.6728988388315809
1.6733653762045164
1.6738319042468355
1.674298422958725
1.6747649323403713
1.6752314323919613
1.6756979231136817
1.6761644045057191
1.6766308765682603
1.6770973393014919
1.6775637927056002
1.6780302367807727
1.6784966715271954
1.6789630969450555
1.6794295130345391
1.6798959197958332
1.6803623172291244
1.6808287053345996
1.6812950841124452
1.6817614535628476
1.6822278136859938
1.6826941644820703
1.6831605059512638
1.6836268380937607
1.684093160909748
1.6845594743994123
1.6850257785629401
1.6854920734005179
1.6859583589123324
1.6864246350985703
1.6868909019594185
1.6873571594950627
1.6878234077056904
1.6882896465914876
1.6887558761526411
1.6892220963893374
1.6896883073017634
1.6901545088901058
1.6906207011545509
1.6910868840952853
1.6915530577124955
1.6920192220063681
1.6924853769770896
1.6929515226248466
1.6934176589498255
1.6938837859522136
1.6943499036321967
1.6948160119899616
1.6952821110256948
1.6957482007395828
1.6962142811318122
1.6966803522025697
1.6971464139520416
1.6976124663804144
1.6980785094878752
1.6985445432746096
1.6990105677408045
1.6994765828866465
1.699942588712322
1.700408585218018
1.7008745724039203
1.701340550270216
1.7018065188170912
1.7022724780447327
1.7027384279533266
1.7032043685430598
1.7036702998141182
1.704136221766689
1.7046021344009583
1.7050680377171126
1.7055339317153382
1.7059998163958219
1.7064656917587497
1.7069315578043087
1.707397414532685
1.707863261944065
1.7083291000386351
1.708794928816582
1.7092607482780922
1.7097265584233519
1.7101923592525474
1.7106581507658654
1.7111239329634922
1.7115897058456142
1.7120554694124182
1.7125212236640903
1.712986968600817
1.7134527042227845
1.7139184305301793
1.714384147523188
1.7148498552019968
1.715315553566792
1.7157812426177603
1.7162469223550882
1.7167125927789617
1.717178253889567
1.7176439056870911
1.7181095481717197
1.7185751813436398
1.7190408052030375
1.7195064197500989
1.7199720249850106
1.7204376209079593
1.7209032075191308
1.721368784818712
1.7218343528068891
1.7222999114838482
1.7227654608497756
1.723231000904858
1.7236965316492812
1.7241620530832318
1.724627565206896
1.7250930680204608
1.7255585615241118
1.7260240457180356
1.7264895206024187
1.726954986177447
1.727420442443307
1.727885889400185
1.7283513270482673
1.7288167553877403
1.7292821744187898
1.7297475841416026
1.7302129845563647
1.7306783756632629
1.731143757462483
1.7316091299542116
1.7320744931386345
1.7325398470159383
1.7330051915863096
1.733470526849934
1.733935852806998
1.7344011694576875
1.7348664768021895
1.73533177484069
1.735797063573375
1.736262343000431
1.736727613122044
1.7371928739384004
1.7376581254496863
1.7381233676560883
1.7385886005577922
1.7390538241549844
1.7395190384478512
1.7399842434365782
1.7404494391213525
1.74091462550236
1.7413798025797866
1.741844970353819
1.742310128824643
1.7427752779924448
1.743240417857411
1.7437055484197272
1.7441706696795798
1.7446357816371552
1.7451008842926397
1.745565977646219
1.7460310616980796
1.7464961364484075
1.746961201897389
1.74742625804521
1.7478913048920572
1.748356342438116
1.7488213706835731
1.7492863896286146
1.7497513992734264
1.750216399618195
1.7506813906631062
1.7511463724083463
1.7516113448541013
1.7520763080005572
1.7525412618479004
1.753006206396317
1.753471141645993
1.7539360675971145
1.7544009842498678
1.754865891604439
1.755330789661014
1.7557956784197792
1.7562605578809205
1.7567254280446238
1.7571902889110758
1.757655140480462
1.7581199827529685
1.758584815728782
1.759049639408088
1.759514453791072
1.759979258877921
1.7604440546688211
1.760908841163958
1.7613736183635176
1.7618383862676863
1.7623031448766502
1.7627678941905949
1.763232634209707
1.7636973649341723
1.7641620863641765
1.764626798499906
1.765091501341547
1.765556194889285
1.7660208791433067
1.7664855541037976
1.766950219770944
1.7674148761449315
1.7678795232259468
1.768344161014175
1.768808789509803
1.7692734087130164
1.769738018624001
1.7702026192429432
1.7706672105700287
1.7711317926054437
1.771596365349374
1.7720609288020057
1.7725254829635249
1.7729900278341173
1.7734545634139691
1.773919089703266
1.774383606702194
1.7748481144109391
1.7753126128296874
1.7757771019586248
1.7762415817979373
1.776706052347811
1.7771705136084315
1.7776349655799846
1.7780994082626564
1.7785638416566332
1.7790282657621008
1.779492680579245
1.7799570861082519
1.7804214823493072
1.7808858693025966
1.7813502469683062
1.781814615346622
1.7822789744377303
1.7827433242418165
1.7832076647590667
1.7836719959896665
1.784136317933802
1.7846006305916589
1.7850649339634237
1.7855292280492816
1.7859935128494187
1.786457788364021
1.786922054593274
1.7873863115373638
1.7878505591964764
1.7883147975707978
1.788779026660514
1.7892432464658101
1.7897074569868725
1.7901716582238867
1.7906358501770387
1.7911000328465143
1.7915642062324997
1.7920283703351805
1.7924925251547423
1.7929566706913715
1.7934208069452535
1.793884933916574
1.7943490516055194
1.794813160012275
1.7952772591370265
1.79574134897996
1.796205429541261
1.796669500821116
1.7971335628197103
1.7975976155372295
1.79806165897386
1.7985256931297873
1.7989897180051968
1.799453733600275
1.799917739915207
1.8003817369501791
1.8008457247053768
1.801309703180986
1.8017736723771924
1.8022376322941818
1.8027015829321398
1.803165524291252
1.8036294563717048
1.8040933791736835
1.8045572926973739
1.8050211969429617
1.8054850919106329
1.8059489776005726
1.8064128540129676
1.8068767211480028
1.8073405790058639
1.8078044275867369
1.8082682668908077
1.8087320969182616
1.809195917669285
1.8096597291440628
1.810123531342781
1.8105873242656254
1.8110511079127816
1.8115148822844356
1.8119786473807726
1.8124424032019786
1.8129061497482393
1.8133698870197403
1.8138336150166674
1.814297333739206
1.814761043187542
1.815224743361861
1.8156884342623485
1.8161521158891902
1.8166157882425724
1.8170794513226802
1.8175431051296993
1.8180067496638155
1.818470384925214
1.8189340109140808
1.8193976276306014
1.8198612350749617
1.8203248332473472
1.8207884221479436
1.8212520017769365
1.8217155721345115
1.822179133220854
1.8226426850361501
1.8231062275805852
1.8235697608543446
1.8240332848576144
1.8244967995905799
1.8249603050534267
1.8254238012463406
1.8258872881695067
1.826350765823111
1.8268142342073392
1.8272776933223769
1.8277411431684092
1.8282045837456222
1.8286680150542012
1.829131437094332
1.8295948498661996
1.8300582533699903
1.8305216476058892
1.8309850325740817
1.8314484082747542
1.8319117747080913
1.8323751318742791
1.8328384797735031
1.8333018184059489
1.8337651477718016
1.834228467871247
1.834691778704471
1.8351550802716587
1.8356183725729958
1.8360816556086674
1.8365449293788596
1.8370081938837577
1.8374714491235473
1.837934695098414
1.8383979318085426
1.8388611592541195
1.8393243774353298
1.8397875863523592
1.840250786005393
1.8407139763946163
1.8411771575202154
1.8416403293823753
1.8421034919812815
1.8425666453171199
1.8430297893900756
1.843492924200334
1.8439560497480805
1.8444191660335008
1.8448822730567802
1.8453453708181042
1.8458084593176585
1.8462715385556285
1.8467346085321996
1.8471976692475574
1.8476607207018867
1.8481237628953733
1.8485867958282027
1.8490498195005605
1.8495128339126319
1.8499758390646024
1.8504388349566574
1.8509018215889825
1.851364798961763
1.8518277670751844
1.852290725929432
1.8527536755246907
1.8532166158611467
1.8536795469389853
1.8541424687583914
1.8546053813195509
1.8550682846226487
1.8555311786678708
1.855994063455402
1.856456938985428
1.8569198052581342
1.8573826622737057
1.8578455100323283
1.8583083485341871
1.8587711777794675
1.859233997768355
1.8596968085010348
1.8601596099776923
1.860622402198513
1.8610851851636818
1.8615479588733843
1.862010723327806
1.8624734785271322
1.8629362244715482
1.8633989611612392
1.8638616885963903
1.8643244067771876
1.8647871157038158
1.8652498153764605
1.8657125057953072
1.866175186960541
1.8666378588723467
1.8671005215309104
1.867563174936417
1.8680258190890517
1.8684884539890003
1.8689510796364477
1.869413696031579
1.86987630317458
1.870338901065636
1.8708014897049319
1.871264069092653
1.8717266392289844
1.872189200114112
1.8726517517482208
1.873114294131496
1.8735768272641227
1.8740393511462863
1.8745018657781722
1.8749643711599657
1.875426867291852
1.875889354174016
1.876351831806643
1.8768143001899185
1.8772767593240276
1.8777392092091558
1.878201649845488
1.8786640812332098
1.8791265033725062
1.8795889162635626
1.8800513199065638
1.8805137143016954
1.8809760994491425
1.8814384753490903
1.881900842001724
1.8823631994072287
1.8828255475657898
1.8832878864775924
1.8837502161428217
1.8842125365616629
1.884674847734301
1.8851371496609215
1.8855994423417097
1.8860617257768504
1.8865239999665289
1.8869862649109304
1.88744852061024
1.8879107670646431
1.8883730042743245
1.8888352322394697
1.8892974509602638
1.8897596604368918
1.890221860669539
1.8906840516583903
1.891146233403631
1.8916084059054463
1.8920705691640214
1.892532723179541
1.8929948679521909
1.8934570034821558
1.8939191297696207
1.8943812468147712
1.894843354617792
1.8953054531788684
1.8957675424981855
1.8962296225759288
1.8966916934122826
1.8971537550074327
1.8976158073615639
1.8980778504748612
1.89853988434751
1.8990019089796952
1.8994639243716018
1.8999259305234149
1.9003879274353197
1.9008499151075016
1.901311893540145
1.9017738627334355
1.902235822687558
1.9026977734026973
1.9031597148790387
1.9036216471167675
1.9040835701160683
1.9045454838771265
1.905007388400127
1.905469283685255
1.9059311697326953
1.906393046542633
1.9068549141152535
1.9073167724507416
1.907778621549282
1.9082404614110602
1.9087022920362613
1.9091641134250699
1.909625925577671
1.91008772849425
1.910549522174992
1.9110113066200816
1.9114730818297039
1.911934847804044
1.912396604543287
1.9128583520476174
1.913320090317221
1.913781819352282
1.9142435391529857
1.9147052497195174
1.9151669510520615
1.9156286431508034
1.916090326015928
1.9165519996476204
1.917013664046065
1.9174753192114478
1.9179369651439528
1.9183986018437655
1.9188602293110708
1.9193218475460534
1.9197834565488985
1.920245056319791
1.9207066468589158
1.921168228166458
1.9216298002426022
1.9220913630875336
1.9225529167014368
1.9230144610844975
1.9234759962369
1.923937522158829
1.9243990388504704
1.924860546312008
1.9253220445436274
1.9257835335455131
1.9262450133178504
1.926706483860824
1.927167945174619
1.9276293972594205
1.9280908401154127
1.9285522737427807
1.9290136981417096
1.9294751133123846
1.92993651925499
1.930397915969711
1.9308593034567325
1.9313206817162392
1.9317820507484158
1.9322434105534476
1.9327047611315196
1.933166102482816
1.9336274346075222
1.9340887575058228
1.934550071177903
1.9350113756239469
1.93547267084414
1.935933956838667
1.936395233607713
1.9368565011514627
1.9373177594701008
1.9377790085638118
1.9382402484327812
1.9387014790771937
1.9391627004972336
1.939623912693086
1.9400851156649361
1.9405463094129685
1.9410074939373678
1.9414686692383192
1.941929835316007
1.9423909921706164
1.9428521398023322
1.9433132782113387
1.9437744073978214
1.9442355273619647
1.9446966381039534
1.9451577396239725
1.9456188319222065
1.9460799149988406
1.946540988854059
1.947002053488047
1.947463108900989
1.9479241550930702
1.9483851920644748
1.948846219815388
1.9493072383459944
1.9497682476564788
1.950229247747026
1.9506902386178206
1.9511512202690475
1.9516121927008914
1.952073155913537
1.952534109907169
1.952995054681972
1.9534559902381312
1.9539169165758312
1.9543778336952569
1.9548387415965924
1.9552996402800227
1.9557605297457326
1.9562214099939066
1.9566822810247297
1.957143142838387
1.9576039954350624
1.9580648388149409
1.9585256729782072
1.9589864979250462
1.9594473136556423
1.9599081201701802
1.960368917468845
1.960829705551821
1.9612904844192929
1.9617512540714457
1.962212014508464
1.9626727657305325
1.9631335077378353
1.9635942405305578
1.9640549641088842
1.9645156784729996
1.964976383623088
1.9654370795593348
1.9658977662819241
1.9663584437910406
1.9668191120868692
1.9672797711695946
1.9677404210394012
1.9682010616964738
1.9686616931409968
1.9691223153731552
1.9695829283931334
1.970043532201116
1.9705041267972878
1.9709647121818332
1.971425288354937
1.9718858553167837
1.972346413067558
1.9728069616074448
1.9732675009366283
1.9737280310552932
1.974188551963624
1.9746490636618055
1.9751095661500224
1.9755700594284589
1.9760305434972998
1.97649101835673
1.9769514840069333
1.9774119404480952
1.9778723876803999
1.9783328257040316
1.9787932545191755
1.979253674126016
1.9797140845247372
1.9801744857155241
1.9806348776985612
1.981095260474033
1.981555634042124
1.9820159984030192
1.9824763535569025
1.982936699503959
1.983397036244373
1.9838573637783288
1.9843176821060111
1.984777991227605
1.9852382911432944
1.9856985818532642
1.9861588633576985
1.986619135656782
1.9870793987506992
1.987539652639635
1.9879998973237734
1.9884601328032991
1.9889203590783968
1.989380576149251
1.989840784016046
1.9903009826789662
1.9907611721381964
1.9912213523939208
1.9916815234463243
1.992141685295591
1.9926018379419057
1.9930619813854524
1.9935221156264162
1.9939822406649814
1.9944423565013323
1.9949024631356533
1.9953625605681289
1.995822648798944
1.9962827278282829
1.9967427976563297
1.9972028582832693
1.997662909709286
1.998122951934564
1.998582984959288
1.9990430087836424
1.9995030234078117
1.9999630288319805
2.0004230250563326
2.0008830120810535
2.001342989906327
2.0018029585323376
2.00226291795927
2.0027228681873077
2.003182809216636
2.003642741047439
2.0041026636799018
2.0045625771142075
2.0050224813505415
2.0054823763890886
2.005942262230032
2.0064021388735567
2.006862006319847
2.007321864569087
2.0077817136214615
2.008241553477155
2.008701384136352
2.009161205599236
2.009621017865992
2.0100808209368046
2.0105406148118585
2.011000399491337
2.0114601749754253
2.0119199412643076
2.012379698358168
2.0128394462571912
2.0132991849615616
2.013758914471463
2.0142186347870803
2.0146783459085977
2.0151380478361993
2.0155977405700694
2.016057424110393
2.0165170984573537
2.0169767636111366
2.0174364195719257
2.017896066339905
2.0183557039152595
2.018815332298173
2.0192749514888297
2.0197345614874145
2.0201941622941115
2.0206537539091043
2.0211133363325784
2.0215729095647177
2.022032473605706
2.022492028455728
2.022951574114969
2.023411110583611
2.0238706378618407
2.0243301559498406
2.024789664847796
2.025249164555891
2.02570865507431
2.026168136403238
2.026627608542857
2.027087071493353
2.02754652525491
2.028005969827712
2.0284654052119437
2.0289248314077892
2.0293842484154325
2.0298436562350584
2.030303054866851
2.030762444310994
2.0312218245676723
2.0316811956370695
2.0321405575193707
2.03259991021476
2.0330592537234207
2.0335185880455384
2.033977913181296
2.0344372291308783
2.03489653589447
2.035355833472255
2.035815121864417
2.0362744010711413
2.0367336710926116
2.0371929319290114
2.0376521835805264
2.03811142604734
2.038570659329636
2.0390298834275997
2.0394890983414142
2.0399483040712645
2.0404075006173343
2.0408666879798085
2.0413258661588705
2.0417850351547044
2.0422441949674948
2.0427033455974266
2.043162487044683
2.0436216193094485
2.0440807423919076
2.0445398562922437
2.0449989610106414
2.045458056547285
2.045917142902358
2.0463762200760454
2.046835288068531
2.0472943468799993
2.047753396510634
2.0482124369606187
2.0486714682301392
2.0491304903193783
2.049589503228521
2.050048506957751
2.0505075015072527
2.0509664868772095
2.0514254630678064
2.051884430079227
2.052343387911656
2.052802336565277
2.053261276040275
2.053720206336833
2.0541791274551358
2.054638039395367
2.055096942157711
2.0555558357423522
2.0560147201494745
2.056473595379262
2.0569324614318982
2.0573913183075687
2.0578501660064563
2.0583090045287453
2.05876783387462
2.059226654044265
2.059685465037864
2.0601442668556005
2.060603059497659
2.0610618429642247
2.06152061725548
2.0619793823716095
2.0624381383127974
2.062896885079228
2.0633556226710854
2.063814351088553
2.064273070331815
2.064731780401056
2.06519048129646
2.065649173018211
2.0661078555664925
2.0665665289414896
2.0670251931433854
2.0674838481723645
2.0679424940286104
2.068401130712308
2.0688597582236405
2.0693183765627925
2.0697769857299475
2.0702355857252903
2.070694176549005
2.0711527582012748
2.071611330682284
2.0720698939922166
2.0725284481312567
2.072986993099588
2.0734455288973948
2.0739040555248613
2.0743625729821717
2.0748210812695094
2.0752795803870585
2.075738070335004
2.0761965511135285
2.0766550227228167
2.0771134851630526
2.0775719384344202
2.0780303825371034
2.0784888174712863
2.078947243237153
2.079405659834887
2.079864067264672
2.0803224655266934
2.0807808546211337
2.081239234548178
2.081697605308009
2.0821559669008125
2.0826143193267703
2.083072662586068
2.0835309966788884
2.0839893216054164
2.0844476373658356
2.084905943960331
2.085364241389084
2.085822529652281
2.086280808750105
2.0867390786827396
2.0871973394503693
2.0876555910531778
2.0881138334913496
2.0885720667650673
2.0890302908745157
2.0894885058198787
2.089946711601341
2.090404908219085
2.0908630956732956
2.0913212739641565
2.091779443091852
2.0922376030565655
2.092695753858481
2.093153895497783
2.093612027974655
2.09407015128928
2.094528265441843
2.094986370432528
2.095444466261518
2.0959025529289974
2.09636063043515
2.09681869878016
2.0972767579642104
2.0977348079874862
2.098192848850171
2.0986508805524484
2.0991089030945025
2.0995669164765167
2.100024920698675
2.1004829157611624
2.1009409016641616
2.1013988784078568
2.101856845992432
2.1023148044180706
2.102772753684957
2.1032306937932748
2.1036886247432074
2.1041465465349396
2.104604459168655
2.1050623626445364
2.1055202569627687
2.1059781421235355
2.1064360181270207
2.1068938849734082
2.1073517426628814
2.1078095911956245
2.108267430571821
2.1087252607916556
2.109183081855311
2.109640893762972
2.1100986965148216
2.110556490111044
2.1110142745518234
2.111472049837343
2.111929815967787
2.1123875729433395
2.1128453207641837
2.113303059430503
2.113760788942482
2.1142185093003043
2.114676220504154
2.115133922554214
2.1155916154506693
2.116049299193703
2.116506973783499
2.1169646392202406
2.117422295504112
2.117879942635297
2.11833758061398
2.1187952094403433
2.119252829114572
2.1197104396368496
2.1201680410073593
2.120625633226285
2.121083216293811
2.121540790210121
2.121998354975398
2.1224559105898266
2.1229134570535897
2.123370994366872
2.123828522529857
2.1242860415427285
2.12474355140567
2.125201052118865
2.1256585436824973
2.1261160260967507
2.1265734993618097
2.1270309634778575
2.1274884184450777
2.1279458642636544
2.128403300933771
2.128860728455611
2.1293181468293585
2.129775556055197
2.1302329561333107
2.1306903470638825
2.131147728847097
2.131605101483137
2.132062464972187
2.132519819314431
2.1329771645100513
2.133434500559232
2.133891827462158
2.1343491452190118
2.1348064538299774
2.1352637532952388
2.13572104361498
2.1361783247893835
2.136635596818634
2.137092859702915
2.13755011344241
2.1380073580373025
2.138464593487777
2.138921819794016
2.139379036956204
2.1398362449745245
2.140293443849161
2.1407506335802973
2.141207814168117
2.1416649856128043
2.142122147914542
2.1425793010735137
2.1430364450899035
2.1434935799638954
2.143950705695673
2.144407822285419
2.1448649297333175
2.1453220280395526
2.1457791172043077
2.146236197227767
2.146693268110113
2.1471503298515304
2.147607382452202
2.148064425912312
2.1485214602320437
2.1489784854115808
2.149435501451107
2.1498925083508054
2.1503495061108606
2.150806494731456
2.151263474212774
2.1517204445549996
2.152177405758316
2.1526343578229064
2.1530913007489554
2.153548234536645
2.154005159186161
2.154462074697685
2.1549189810714022
2.1553758783074954
2.1558327664061476
2.156289645367543
2.156746515191865
2.1572033758792983
2.157660227430025
2.1581170698442294
2.1585739031220945
2.1590307272638047
2.159487542269543
2.159944348139493
2.160401144873839
2.1608579324727635
2.161314710936451
2.1617714802650845
2.1622282404588478
2.1626849915179243
2.1631417334424974
2.163598466232751
2.1640551898888685
2.1645119044110337
2.16496860979943
2.1654253060542406
2.1658819931756494
2.16633867116384
2.166795340018996
2.1672519997413002
2.1677086503309373
2.16816529178809
2.168621924112942
2.1690785473056775
2.169535161366479
2.1699917662955306
2.1704483620930155
2.170904948759117
2.1713615262940196
2.1718180946979064
2.172274653970961
2.172731204113367
2.1731877451253077
2.1736442770069666
2.1741007997585267
2.174557313380172
2.1750138178720864
2.1754703132344524
2.1759267994674545
2.1763832765712756
2.1768397445460996
2.1772962033921104
2.1777526531094904
2.1782090936984235
2.1786655251590927
2.1791219474916828
2.1795783606963766
2.180034764773357
2.1804911597228087
2.1809475455449143
2.1814039222398574
2.181860289807821
2.18231664824899
2.1827729975635473
2.1832293377516754
2.183685668813559
2.1841419907493806
2.1845983035593246
2.1850546072435737
2.185510901802312
2.1859671872357214
2.186423463543987
2.1868797307272922
2.18733598878582
2.1877922377197536
2.1882484775292768
2.188704708214573
2.189160929775826
2.1896171422132187
2.190073345526935
2.190529539717158
2.19098572478407
2.1914419007278565
2.1918980675487
2.1923542252467842
2.1928103738222924
2.193266513275408
2.193722643606314
2.1941787648151947
2.1946348769022324
2.195090979867611
2.1955470737115146
2.1960031584341255
2.196459234035628
2.1969153005162054
2.1973713578760408
2.197827406115318
2.19828344523422
2.19873947523293
2.1991954961116322
2.199651507870509
2.2001075105097443
2.2005635040295215
2.2010194884300245
2.201475463711436
2.2019314298739396
2.2023873869177186
2.2028433348429566
2.203299273649837
2.2037552033385435
2.2042111239092583
2.204667035362166
2.2051229376974493
2.2055788309152913
2.206034715015876
2.2064905899993863
2.206946455866006
2.207402312615919
2.2078581602493075
2.2083139987663554
2.208769828167246
2.2092256484521635
2.20968145962129
2.210137261674809
2.2105930546129042
2.2110488384357594
2.211504613143557
2.211960378736481
2.212416135214715
2.2128718825784417
2.2133276208278447
2.213783349963107
2.2142390699844126
2.214694780891944
2.2151504826858854
2.21560617536642
2.2160618589337298
2.2165175333879996
2.2169731987294123
2.217428854958152
2.2178845020744005
2.218340140078342
2.218795768970159
2.2192513887500365
2.2197069994181566
2.2201626009747035
2.2206181934198597
2.2210737767538085
2.2215293509767333
2.2219849160888177
2.222440472090245
2.2228960189811984
2.2233515567618607
2.223807085432416
2.224262604993047
2.2247181154439373
2.22517361678527
2.2256291090172287
2.2260845921399968
2.226540066153757
2.226995531058693
2.227450986854989
2.2279064335428265
2.2283618711223894
2.228817299593861
2.229272718957425
2.229728129213265
2.2301835303615634
2.2306389224025036
2.231094305336269
2.231549679163043
2.2320050438830084
2.2324603994963486
2.232915746003248
2.2333710834038887
2.2338264116984545
2.234281730887129
2.234737040970094
2.235192341947534
2.235647633819631
2.2361029165865696
2.2365581902485325
2.2370134548057035
2.237468710258265
2.237923956606401
2.238379193850294
2.238834421990128
2.2392896410260863
2.2397448509583513
2.240200051787107
2.2406552435125353
2.241110426134821
2.241565599654147
2.2420207640706957
2.2424759193846517
2.242931065596198
2.2433862027055165
2.243841330712791
2.244296449618205
2.2447515594219416
2.245206660124184
2.245661751725115
2.246116834224919
2.2465719076237787
2.2470269719218767
2.247482027119397
2.2479370732165225
2.2483921102134365
2.248847138110322
2.249302156907362
2.2497571666047405
2.2502121672026396
2.2506671587012432
2.2511221411007347
2.251577114401297
2.2520320786031136
2.252487033706367
2.252941979711241
2.2533969166179184
2.2538518444265825
2.254306763137416
2.2547616727506035
2.2552165732663267
2.25567146468477
2.256126347006116
2.2565812202305477
2.257036084358248
2.257490939389401
2.2579457853241895
2.258400622162797
2.2588554499054054
2.2593102685521993
2.2597650781033605
2.2602198785590737
2.2606746699195215
2.261129452184887
2.2615842253553526
2.2620389894311024
2.262493744412319
2.262948490299186
2.263403227091886
2.263857954790603
2.2643126733955197
2.264767382906819
2.2652220833246846
2.265676774649299
2.266131456880846
2.2665861300195087
2.2670407940654695
2.267495449018912
2.26795009488002
2.268404731648976
2.2688593593259627
2.2693139779111635
2.269768587404762
2.270223187806941
2.270677779117884
2.271132361337773
2.271586934466793
2.272041498505126
2.2724960534529544
2.272950599310463
2.2734051360778333
2.2738596637552493
2.2743141823428945
2.274768691840951
2.275223192249603
2.275677683569033
2.2761321657994236
2.2765866389409584
2.277041102993821
2.2774955579581944
2.2779500038342615
2.2784044406222055
2.2788588683222084
2.2793132869344546
2.2797676964591274
2.2802220968964084
2.2806764882464825
2.2811308705095317
2.281585243685739
2.2820396077752876
2.2824939627783607
2.282948308695142
2.2834026455258143
2.2838569732705603
2.284311291929563
2.2847656015030062
2.2852199019910726
2.285674193393945
2.286128475711807
2.2865827489448414
2.287037013093231
2.2874912681571593
2.2879455141368092
2.288399751032364
2.2888539788440063
2.2893081975719194
2.2897624072162865
2.290216607777291
2.2906707992551154
2.291124981649943
2.2915791549619566
2.2920333191913396
2.2924874743382753
2.2929416204029462
2.293395757385536
2.2938498852862272
2.2943040041052027
2.2947581138426463
2.29521221449874
2.295666306073667
2.2961203885676116
2.2965744619807555
2.297028526313283
2.2974825815653763
2.2979366277372186
2.298390664828993
2.2988446928408823
2.2992987117730697
2.299752721625738
2.300206722399071
2.3006607140932513
2.3011146967084612
2.301568670244885
2.302022634702705
2.302476590082105
2.302930536383267
2.303384473606375
2.3038384017516114
2.3042923208191586
2.304746230809201
2.305200131721921
2.3056540235575014
2.3061079063161256
2.3065617799979763
2.307015644603237
2.30746950013209
2.3079233465847193
2.308377183961307
2.3088310122620364
2.3092848314870906
2.309738641636653
2.310192442710906
2.3106462347100325
2.311100017634216
2.3115537914836395
2.3120075562584854
2.3124613119589377
2.3129150585851783
2.3133687961373908
2.3138225246157584
2.3142762440204643
2.314729954351691
2.315183655609621
2.3156373477944383
2.3160910309063256
2.3165447049454655
2.3169983699120413
2.317452025806236
2.3179056726282323
2.3183593103782134
2.3188129390563628
2.319266558662863
2.3197201691978964
2.320173770661647
2.3206273630542973
2.32108094637603
2.3215345206270284
2.321988085807476
2.322441641917555
2.322895188957449
2.323348726927341
2.323802255827413
2.324255775657849
2.3247092864188317
2.3251627881105437
2.3256162807331684
2.326069764286889
2.3265232387718875
2.3269767041883473
2.327430160536452
2.327883607816384
2.328337046028326
2.3287904751724615
2.3292438952489736
2.329697306258044
2.330150708199857
2.330604101074596
2.3310574848824426
2.3315108596235796
2.331964225298192
2.3324175819064608
2.33287092944857
2.3333242679247017
2.3337775973350396
2.334230917679766
2.3346842289590644
2.3351375311731175
2.3355908243221077
2.3360441084062185
2.3364973834256335
2.3369506493805345
2.3374039062711054
2.337857154097529
2.338310392859987
2.3387636225586634
2.3392168431937415
2.3396700547654032
2.3401232572738326
2.3405764507192117
2.3410296351017235
2.3414828104215513
2.341935976678878
2.342389133873887
2.3428422820067603
2.343295421077681
2.3437485510868323
2.344201672034397
2.3446547839205585
2.3451078867454993
2.3455609805094024
2.3460140652124504
2.346467140854827
2.3469202074367144
2.347373264958296
2.347826313419754
2.3482793528212724
2.348732383163033
2.3491854044452194
2.349638416668015
2.350091419831602
2.3505444139361633
2.3509973989818818
2.35145037496894
2.351903341897522
2.3523562997678096
2.3528092485799865
2.3532621883342353
2.353715119030739
2.3541680406696797
2.354620953251241
2.355073856775607
2.355526751242958
2.355979636653479
2.3564325130073516
2.35688538030476
2.357338238545886
2.3577910877309134
2.3582439278600242
2.3586967589334025
2.3591495809512293
2.359602393913689
2.3600551978209645
2.3605079926732384
2.3609607784706936
2.3614135552135127
2.3618663229018786
2.362319081535974
2.3627718311159827
2.3632245716420863
2.3636773031144687
2.3641300255333126
2.3645827388988017
2.365035443211117
2.3654881384704427
2.365940824676961
2.366393501830856
2.36684616993231
2.3672988289815042
2.3677514789786236
2.3682041199238504
2.3686567518173676
2.369109374659358
2.3695619884500045
2.37001459318949
2.3704671888779973
2.370919775515709
2.371372353102809
2.3718249216394787
2.3722774811259013
2.3727300315622606
2.3731825729487386
2.3736351052855187
2.3740876285727834
2.3745401428107153
2.3749926479994987
2.375445144139315
2.3758976312303477
2.3763501092727797
2.376802578266793
2.3772550382125717
2.3777074891102976
2.378159930960154
2.378612363762324
