0.0
0.0
0.0
1.8174176016652353e-12
9.997356695359918e-12
3.181457492034669e-11
7.727531803999716e-11
1.591190210385531e-10
2.928198757581733e-10
4.965882649072234e-10
7.913720622830179e-10
1.2008577990644964e-09
1.7514716960426185e-09
2.472380561668582e-09
3.3954925558123014e-09
4.555457819135936e-09
5.989668967999685e-09
7.738261454829295e-09
9.84411379388741e-09
1.235284765240289e-08
1.5312827807025087e-08
1.8775161965582172e-08
2.279370045413508e-08
2.7425035769331154e-08
3.272850199607399e-08
3.876617409053837e-08
4.560286702857152e-08
5.330613481953422e-08
6.194626938564837e-08
7.159629930692924e-08
8.233198843179313e-08
9.423183435344349e-08
1.0737706675215231e-07
1.2185164560356342e-07
1.3774225925315788e-07
1.551383223570356e-07
1.7413197368917578e-07
1.948180738153551e-07
2.1729420263391218e-07
2.416606567835587e-07
2.6802044691845356e-07
2.9647929485076196e-07
3.271456305609419e-07
3.601305890760018e-07
3.95548007215999e-07
4.3351442020904314e-07
4.741490581751021e-07
5.175738424788961e-07
5.639133819521968e-07
6.132949689858535e-07
6.658485754918707e-07
7.217068487358952e-07
7.810051070404533e-07
8.438813353593233e-07
9.104761807234053e-07
9.809329475584935e-07
1.055397592875341e-06
1.1340187213324474e-06
1.2169475801719688e-06
1.3043380540292143e-06
1.3963466596161598e-06
1.4931325402794298e-06
1.5948574604332464e-06
1.7016857998677882e-06
1.8137845479334801e-06
1.9313232976016976e-06
2.0544742394024218e-06
2.18341215523931e-06
2.3183144120828175e-06
2.459360955541786e-06
2.6067343033141954e-06
2.7606195385174993e-06
2.9212043028992413e-06
3.088678789928462e-06
3.2632357377685205e-06
3.445070422131959e-06
3.634380649017855e-06
3.831366747332704e-06
4.036231561395013e-06
4.249180443324315e-06
4.470421245315608e-06
4.700164311799537e-06
4.938622471489075e-06
5.186011029313511e-06
5.442547758240009e-06
5.7084528909844e-06
5.983949111610589e-06
6.269261547020395e-06
6.5646177583340165e-06
6.870247732161946e-06
7.1863838717692e-06
7.513260988132418e-06
7.851116290890866e-06
8.200189379191517e-06
8.560722232430131e-06
8.93295920088773e-06
9.31714699626421e-06
9.713534682109631e-06
1.0122373664153829e-05
1.0543917680535434e-05
1.0978422791930947e-05
1.1426147371584654e-05
1.1887352095240437e-05
1.2362299930976037e-05
1.285125612894093e-05
1.3354488210998394e-05
1.3872265960272738e-05
1.4404861410602828e-05
1.4952548835901744e-05
1.5515604739425582e-05
1.6094307842949674e-05
1.6688939075855015e-05
1.7299781564125018e-05
1.7927120619253744e-05
1.85712437270663e-05
1.9232440536452554e-05
1.9911002848014924e-05
2.0607224602631413e-05
2.1321401869934524e-05
2.2053832836706348e-05
2.280481779519359e-05
2.3574659131339202e-05
2.436366131293499e-05
2.5172130877694596e-05
2.6000376421248428e-05
2.6848708585060942e-05
2.7717440044272108e-05
2.860688549546199e-05
2.9517361644343648e-05
3.0449187193379933e-05
3.1402682829329424e-05
3.2378171210719404e-05
3.3375976955250745e-05
3.439642662713128e-05
3.543984872434113e-05
3.6506573665831214e-05
3.7596933778654786e-05
3.871126328503353e-05
3.9849898289359364e-05
4.101317676513328e-05
4.2201438541839424e-05
4.341502529176219e-05
4.465428051673872e-05
4.591954953485398e-05
4.7211179467077415e-05
4.852951922384171e-05
4.987491949156656e-05
5.124773271912409e-05
5.264831310425506e-05
5.407701657992728e-05
5.553420080064414e-05
5.70202251287014e-05
5.853545062039449e-05
6.0080240012174266e-05
6.165495770676033e-05
6.325996975919981e-05
6.489564386288753e-05
6.656234933553545e-05
6.826045710510237e-05
6.999033969567798e-05
7.175237121332676e-05
7.354692733189116e-05
7.537438527875126e-05
7.723512382055407e-05
7.912952324889677e-05
8.10579653659772e-05
8.302083347020854e-05
8.501851234179963e-05
8.705138822829808e-05
8.911984883010894e-05
9.122428328597411e-05
9.336508215842467e-05
9.554263741920448e-05
9.775734243466062e-05
0.00010000959195111594
0.00010229978208020565
0.00010462831028419477
0.00010699557536126437
0.00010940197743078623
0.00011184791791856362
0.00011433379954205769
0.00011686002629558752
0.00011942700343552074
0.0001220351374654372
0.00012468483612127496
0.00012737650835647406
0.00013011056432707854
0.0001328874153768555
0.00013570747402237706
0.00013857115393810194
0.00014147886994144267
0.00014443103797781698
0.0001474280751057048
0.00015047039948168153
0.00015355843034545096
0.00015669258800487398
0.0001598732938209807
0.00016310097019299697
0.0001663760405433507
0.00016969892930268494
0.00017307006189485856
0.00017648986472196566
0.0001799587651493375
0.0001834771914905475
0.00018704557299243258
0.0001906643398201037
0.00019433392304195796
0.0001980547546147146
0.00020182726736843833
0.00020565189499157014
0.00020952907201598475
0.000213459233802035
0.0002174428165236103
0.00022148025715322076
0.00022557199344707535
0.000229718463930172
0.0002339201078814221
0.0002381773653187555
0.00024249067698427738
0.0002468604843294061
0.00025128722950005074
0.0002557713553218009
0.000260313305285129
0.0002649135235306193
0.000269572454834199
0.000274290544592424
0.0002790682388077544
0.0002839059840738685
0.0002888042275609821
0.0002937634170012265
0.00029878400067401967
0.0003038664273914614
0.00030901114648378944
0.0003142186077848282
0.0003194892616174664
0.0003248235587791969
0.00033022195052765106
0.00033568488856616384
0.00034121282502941097
0.0003468062124690134
0.0003524655038392404
0.00035819115248269937
0.00036398361211606564
0.00036984333681588266
0.00037577078100433823
0.00038176639943514334
0.00038783064717938076
0.0003939639796114512
0.0004001668523950215
0.0004064397214690057
0.0004127830430336296
0.0004191972735364799
0.0004256828696586307
0.000432240288300815
0.00043886998656959527
0.0004455724217636415
0.00045234805135998125
0.0004591973330003652
0.00046612072447761233
0.00047311868372204347
0.00048019166878795843
0.0004873401378401251
0.0004945645491403501
0.0005018653610341048
0.000509243031937132
0.0005166980203222077
0.0005242307847058661
0.0005318417836351839
0.0005395314756746763
0.0005473003193931838
0.0005551487733508021
0.0005630772960859473
0.0005710863461023535
0.0005791763818562444
0.0005873478617434735
0.0005956012440867274
0.0006039369871228562
0.0006123555489901439
0.0006208573877157555
0.000629442961203122
0.0006381127272195027
0.0006468671433834777
0.0006557066671526289
0.0006646317558111482
0.000673642866457632
0.0006827404559928178
0.0006919249811074555
0.0007011968982702406
0.000710556663715728
0.0007200047334324254
0.0007295415631508287
0.0007391676083315981
0.0007488833241537936
0.0007586891655030974
0.0007685855869602119
0.0007785730427892122
0.0007886519869260329
0.0007988228729669861
0.000809086154157382
0.0008194422833801393
0.0008298917131445335
0.0008404348955749687
0.0008510722823998583
0.0008618043249404952
0.0008726314741000629
0.0008835541803526757
0.000894572893732485
0.0009056880638228922
0.0009169001397457484
0.0009282095701507015
0.00093961680320457
0.0009511222865807907
0.000962726467448944
0.0009744297924643353
0.000986232707757647
0.0009981356589246607
0.0010101390910160887
0.0010222434485273445
0.0010344491753885906
0.0010467567149546435
0.0010591665099950773
0.0010716790026844105
0.0010842946345922175
0.0010970138466735312
0.001109837079259065
0.0011227647720457666
0.0011357973640871966
0.0011489352937841502
0.0011621789988753236
0.0011755289164279406
0.0011889854828285784
0.00120254913377405
0.001216220304262253
0.0012299994285831955
0.0012438869403101124
0.0012578832722905152
0.0012719888566374478
0.0012862041247207886
0.0013005295071585768
0.001314965433808432
0.0013295123337590782
0.0013441706353218936
0.0013589407660226107
0.0013738231525929517
0.0013888182209624731
0.0014039263962504225
0.0014191481027576677
0.0014344837639587037
0.001449933802493761
0.0014654986401609407
0.0014811786979084297
0.00149697439582683
0.0015128861531415252
0.0015289143882051225
0.0015450595184899917
0.0015613219605808356
0.0015777021301673817
0.0015942004420371099
0.0016108173100680702
0.001627553147221771
0.0016444083655361486
0.0016613833761185833
0.0016784785891389984
0.0016956944138230873
0.0017130312584455207
0.0017304895303232918
0.00174806963580911
0.0017657719802848825
0.0017835969681552094
0.0018015450028410847
0.001819616486773525
0.0018378118213873502
0.0018561314071149932
0.001874575643380458
0.0018931449285932683
0.0019118396601424765
0.0019306602343908937
0.001949607046669152
0.0019686804912701066
0.0019878809614430368
0.0020072088493881973
0.002026664546251203
0.002046248442117593
0.0020659609260074816
0.0020858023858702206
0.00210577320857927
0.0021258737799268695
0.0021461044846190656
0.0021664657062706503
0.002186957827400222
0.0022075812294252697
0.002228336292657473
0.0022492233962978082
0.002270242918431963
0.0022913952360257375
0.0023126807249204896
0.0023340997598286844
0.002355652714329496
0.0023773399608644835
0.0023991618707333378
0.0024211188140896953
0.0024432111599370088
0.002465439276124521
0.0024878035293432405
0.002510304285122074
0.0025329419078239444
0.0025557167606420194
0.0025786292055960105
0.0026016796035285123
0.002624868314101449
0.002648195695792466
0.0026716621058916344
0.0026952679004979612
0.0027190134345161125
0.0027428990616531635
0.0027669251344153924
0.002791092004105142
0.002815400020817858
0.0028398495334390444
0.0028644408896412337
0.002889174435881328
0.002914050517397685
0.002939069478207308
0.0029642316611033464
0.002989537407652424
0.003014987058191951
0.003040580951827911
0.0030663194264321505
0.0030922028186402806
0.0031182314638492133
0.0031444056962149484
0.0031707258486504807
0.003197192252823595
0.0032238052391548194
0.0032505651368155675
0.003277472273725971
0.0033045269765532605
0.0033317295707097415
0.0033590803803511373
0.0033865797283749513
0.0034142279364187066
0.0034420253248584258
0.0034699722128070983
0.0034980689181133167
0.0035263157573596935
0.0035547130458616336
0.0035832610976660162
0.0036119602255499563
0.0036408107410196102
0.0036698129543091206
0.00369896717437947
0.0037282737089174844
0.003757732864334913
0.0037873449457674867
0.003817110257074109
0.0038470291008360124
0.0038771017783560896
0.003907328589658065
0.003937709833486132
0.003968245807304072
0.003998936807294821
0.004029783128360121
0.004060785064119972
0.00409194290691228
0.00412325694779254
0.004154727476533574
0.004186354781625348
0.0042181391502746
0.004250080868405036
0.004282180220657044
0.0043144374903877885
0.004346852959670992
0.004379426909297367
0.004412159618774523
0.004445051366327209
0.004478102428897357
0.00451131308214465
0.004544683600446676
0.004578214256899133
0.004611905323316561
0.004645757070232549
0.004679769766900266
0.0047139436812931625
0.004748279080105249
0.004782776228752135
0.0048174353913712385
0.004852256830823007
0.004887240808691164
0.004922387585284011
0.004957697419634802
0.004993170569503095
0.005028807291375262
0.005064607840465788
0.005100572470718106
0.0051367014348056425
0.005172994984133139
0.005209453368837479
0.0052460768377890305
0.00528286563859293
0.0053198200175902065
