0.0
0.0
0.0
1.8174176016652232e-12
9.997356695359645e-12
3.181457492034951e-11
7.72753180400241e-11
1.5911902103867303e-10
2.928198757585542e-10
4.965882649082094e-10
7.913720622852374e-10
1.200857799069003e-09
1.7514716960510717e-09
2.472380561683463e-09
3.3954925558371818e-09
4.5554578191757775e-09
5.9896689680612e-09
7.738261454921343e-09
9.844113794021451e-09
1.2352847652593483e-08
1.5312827807290433e-08
1.8775161965944726e-08
2.2793700454622173e-08
2.7425035769975703e-08
3.272850199691525e-08
3.8766174091622654e-08
4.5602867029953086e-08
5.330613482127609e-08
6.194626938782326e-08
7.15962993096205e-08
8.23319884350956e-08
9.423183435746462e-08
1.0737706675701309e-07
1.2185164560939942e-07
1.377422592601203e-07
1.551383223652923e-07
1.7413197369891226e-07
1.9481807382677575e-07
2.17294202647241e-07
2.4166065679904065e-07
2.680204469363554e-07
2.9647929487137323e-07
3.2714563058457565e-07
3.6013058910299603e-07
3.955480072467168e-07
4.335144202438743e-07
4.7414905821446304e-07
5.175738425232311e-07
5.639133820019786e-07
6.132949690415828e-07
6.658485755540783e-07
7.217068488051411e-07
7.810051071173265e-07
8.438813354444434e-07
9.104761808174212e-07
9.809329476620837e-07
1.0553975929892132e-06
1.1340187214573378e-06
1.2169475803086414e-06
1.3043380541784615e-06
1.3963466597787986e-06
1.4931325404563032e-06
1.5948574606252202e-06
1.7016858000757511e-06
1.8137845481583403e-06
1.9313232978443836e-06
2.0544742396638737e-06
2.183412155520485e-06
2.318314412384679e-06
2.459360955865311e-06
2.6067343036603587e-06
2.7606195388872825e-06
2.9212043032936186e-06
3.0886787903483987e-06
3.263235738214971e-06
3.4450704226058292e-06
3.6343806495200925e-06
3.831366747864226e-06
4.036231561956641e-06
4.249180443916863e-06
4.470421245939842e-06
4.700164312456174e-06
4.93862247217876e-06
5.186011030036769e-06
5.44254775899741e-06
5.708452891776355e-06
5.983949112437423e-06
6.269261547882331e-06
6.564617759231158e-06
6.8702477330942774e-06
7.186383872736566e-06
7.513260989134515e-06
7.851116291927172e-06
8.200189380261459e-06
8.560722233532895e-06
8.932959202022306e-06
9.317146997429373e-06
9.713534683303922e-06
1.0122373665375569e-05
1.0543917681782681e-05
1.0978422793201484e-05
1.1426147372875981e-05
1.1887352096549743e-05
1.2362299932300192e-05
1.285125613027647e-05
1.3354488212341488e-05
1.3872265961619187e-05
1.44048614119479e-05
1.4952548837240554e-05
1.5515604740752662e-05
1.6094307844259103e-05
1.668893907714041e-05
1.7299781565379477e-05
1.7927120620469826e-05
1.8571243728236038e-05
1.9232440537567354e-05
1.9911002849065665e-05
2.0607224603608306e-05
2.1321401870826894e-05
2.205383283750332e-05
2.280481779588335e-05
2.3574659131909197e-05
2.4363661313371896e-05
2.517213087798433e-05
2.6000376421376056e-05
2.684870858501069e-05
2.7717440044027075e-05
2.8606885495004863e-05
2.951736164365591e-05
3.04491871924421e-05
3.140268282812076e-05
3.23781712092186e-05
3.3375976953435215e-05
3.439642662497724e-05
3.5439848721823734e-05
3.650657366292445e-05
3.7596933775331326e-05
3.871126328126484e-05
3.984989828511563e-05
4.101317676038294e-05
4.2201438536550353e-05
4.3415025285900486e-05
4.465428051026905e-05
4.591954952773949e-05
4.721117945927967e-05
4.852951921532083e-05
4.987491948228049e-05
5.1247732709030106e-05
5.264831309330831e-05
5.407701656808115e-05
5.553420078785026e-05
5.702022511490958e-05
5.853545060555216e-05
6.008023999622797e-05
6.165495768965377e-05
6.325996974087552e-05
6.489564384328552e-05
6.656234931459391e-05
6.826045708275714e-05
6.999033967186278e-05
7.175237118797306e-05
7.35469273049274e-05
7.53743852501053e-05
7.723512379015062e-05
7.91295232166581e-05
8.10579653318231e-05
8.30208334340564e-05
8.501851230356339e-05
8.705138818789087e-05
8.911984878744044e-05
9.12242832409513e-05
9.3365082110952e-05
9.554263736918244e-05
9.775734238198907e-05
0.0001000095918956909
0.00010229978202192017
0.00010462831022293914
0.00010699557529692571
0.00010940197736324888
0.0001118479178477087
0.00011433379946776231
0.00011686002621772764
0.0001194270033539683
0.00012203513738005989
0.00012468483603193898
0.0001273765082630399
0.00013011056422940721
0.00013288741527480374
0.00013570747391579535
0.00013857115382683884
0.00014147886982534178
0.0001444310378567216
0.0001474280749794534
0.00015047039935010863
0.00015355843020838778
0.00015669258786214608
0.0001598732936724138
0.0001631009700384113
0.00016637604038256286
0.00016969892913550568
0.00017307006172109915
0.00017648986454143112
0.0001799587649618278
0.00018347719129586219
0.0001870455727903661
0.0001906643396104458
0.00019433392282449508
0.00019805475438922933
0.0002018272671347073
0.00020565189474937046
0.0002095290717650872
0.00021345923354220477
0.00021744281625461263
0.0002214802568748158
0.00022557199315901785
0.00022971846363221426
0.00023392010757330967
0.00023817736500023499
0.00024249067665508707
0.00024686048398928464
0.00025128722914873064
0.0002557713549590115
0.0002603133049105955
0.0002649135231440598
0.0002695724544353353
0.00027429054418097096
0.0002790682383834265
0.0002839059836363654
0.0002888042271100115
0.0002937634165364886
0.00029878400019520796
0.00030386642689827386
0.00030901114597591624
0.0003142186072619571
0.00031948926107928157
0.0003248235582253789
0.0003302219499578745
0.0003356848879801083
0.00034121282442674847
0.0003468062118494139
0.0003524655032023705
0.00035819115182822013
0.00036398361144364746
0.0003698433361251769
0.00037577078029500666
0.00038176639870684203
0.0003878306464317626
0.0003939639788441682
0.0004001668516077242
0.00040643972066134194
0.0004127830422052427
0.00041919727268701967
0.000425682868787742
0.0004322402874081414
0.0004388699856547801
0.0004455724208263246
0.0004523480503998089
0.00045919733201697473
0.00046612072347064585
0.0004731186826911486
0.000480191667732769
0.00048734013676028816
0.000494564548035509
0.0005018653599039045
0.0005092430307812177
0.0005166980191402266
0.0005242307834974684
0.0005318417824000186
0.000539531474412398
0.0005473003181034479
0.0005551487720332665
0.0005630772947402743
0.0005710863447282077
0.0005791763804533025
0.0005873478603113922
0.0005956012426251998
0.000603936985631548
0.0006123555474687576
0.0006208573861639753
0.000629442959620645
0.0006381127256060332
0.0006468671417387278
0.0006557066654763096
0.000664631754102995
0.0006736428647173687
0.0006827404542201789
0.0006919249793021988
0.0007011968964321169
0.0007105566618445117
0.0007200047315278857
0.0007295415612127512
0.0007391676063597878
0.0007488833221480502
0.0007586891634632473
0.0007685855848860808
0.0007785730406806439
0.0007886519847828883
0.0007988228707891458
0.0008090861519447192
0.0008194422811325541
0.0008298917108619501
0.0008404348932573184
0.0008510722800470908
0.0008618043225525681
0.0008726314716769676
0.0008835541778944076
0.0008945728912390792
0.0009056880612943834
0.0009169001371821986
0.0009282095675521876
0.0009396168005712013
0.0009511222839126953
0.0009627264647462771
0.0009744297897272661
0.0009862327049863743
0.0009981356561194297
0.0010101390881771231
0.0010222434456549387
0.0010344491724830467
0.0010467567120162966
0.001059166507024298
0.0010716789996815968
0.0010842946315577956
0.0010970138436079617
0.0011098370761628408
0.0011227647689194124
0.0011357973609312701
0.0011489352905992636
0.0011621789956621042
0.001175528913187063
0.0011889854795607685
0.0012025491304800476
0.00121622030094285
0.0012299994252392428
0.0012438869369424757
0.0012578832689001227
0.0012719888532252807
0.0012862041212878513
0.001300529503705931
0.0013149654303371945
0.0013295123302704173
0.0013441706318170297
0.0013589407625028047
0.0013738231490595222
0.0013888182174167966
0.00140392639269393
0.0014191480991918484
0.0014344837603851271
0.0014499337989140276
0.0014654986365767184
0.0014811786943214479
0.0014969743922388923
0.0015128861495544983
0.0015289143846209411
0.0015450595149106537
0.0015613219570084207
0.0015777021266040253
0.001594200438485037
0.0016108173065295696
0.001627553143699222
0.0016444083620319897
0.001661383372635335
0.0016784785856792778
0.0016956944103895856
0.001713031255041031
0.0017304895269506678
0.001748069632471297
0.001765771976984916
0.0017835969648962412
0.001801544999626352
0.0018196164836063336
0.001837811818271123
0.0018561314040532629
0.0018745756403768465
0.0018931449256514843
0.0019118396572663711
0.001930660231584392
0.0019496070439363146
0.001968680488615064
0.0019878809588701105
0.002007208846901754
0.0020266645438557387
0.002046248439817728
0.0020659609238079793
0.0020858023837759757
0.0021057732065952496
0.002125873778058199
0.002146104482870999
0.0021664657046486123
0.002186957825909702
0.002207581228071989
0.0022283362914472093
0.0022492233952365044
0.0022702429175257112
0.0022913952352807947
0.0023126807243432483
0.0023340997594257
0.00235565271410747
0.0023773399608302747
0.0023991618708939775
0.002421118814452373
0.0024432111605090707
0.002465439276913504
0.002487803530356835
0.0025103042863681676
0.002532941909310568
0.002555716762377424
0.0025786292075886006
0.002601679605786887
0.002624868316634391
0.002648195698608986
0.0026716621090009094
0.0026952679039093648
0.0027190134382392463
0.002742899065697799
0.0027669251387915064
0.0027910920088229647
0.0028154000258878266
0.00283984953887177
0.0028644408954476112
0.002889174442072447
0.002914050523984838
0.0029390694852020746
0.0029642316685175338
0.002989537415498018
0.0030149870664812535
0.003040580960573414
0.0030663194356466473
0.0030922028283367794
0.003118231474040995
0.003144405706915551
0.0031707258598737327
0.003197192264583541
0.003223805251465843
0.0032505651496922607
0.003277472287183296
0.0033045269906063807
0.003331729585374129
0.0033590803956426102
0.0033865797443095613
0.003414227953012823
0.00344202534212874
0.0034699722307706474
0.003498068936787368
0.003526315776761892
0.0035547130660099294
0.0035832611185786976
0.003611960247245659
0.0036408107635172876
0.00366981297762807
0.00369896719853933
0.0037282737339382555
0.0037577328902369377
0.003787344972571514
0.0038171102848011972
0.0038470291295076902
0.003877101807994112
0.003907328620284628
0.0039377098651238495
0.0039682458399759295
0.003998936841024233
0.0040297831631708764
0.004060785100036272
0.0040919429439587466
0.004123256985994222
0.004154727515915881
0.004186354822214138
0.004218139192096256
0.004250080911486311
0.004282180265025136
0.0043144375360703105
0.00434685300669609
0.004379426957693655
0.0044121596685710845
0.00444505141755348
0.004478102481583382
0.004511313136320946
0.00454468365614416
0.00457821431414936
0.004611905382151542
0.004645757130684749
0.004679769829002895
0.004713943745079587
0.00474827914560961
0.004782776296008983
0.0048174354604158314
0.004852256901691014
0.0048872408814189285
0.004922387659908321
0.004957697496193142
0.004993170648033387
0.005028807371916142
0.00506460792305643
0.005100572555398297
0.005136701521615804
0.005172995073114234
0.005209453460031149
0.005246076931237575
0.005282865734339244
0.0053198201156777845
0.005356940320332171
0.005394226592119881
0.0054316791735983475
0.005469298306066424
0.00550708422956574
0.005545037182882242
0.005583157403547586
0.005621445127840961
0.00565990059079048
0.00569852402617481
0.005737315666525011
0.005776275743126038
0.005815404486018502
0.005854702124000653
0.0058941688846299335
0.0059338049942249445
0.005973610677867265
0.0060135861594034674
0.0060537316614469264
0.006094047405379819
0.006134533611355163
0.006175190498298989
0.006216018283912011
0.00625701718467221
0.006298187415836736
0.006339529191443709
0.006381042724315196
0.00642272822605885
0.006464585907070315
0.006506615976535534
0.006548818642432929
0.0065911941115360355
0.006633742589415522
0.006676464280441759
0.00671935938778724
0.006762428113429076
0.006805670658151288
0.006849087221547547
0.006892678002023457
0.00693644319679933
0.006980383001912674
0.007024497612220721
0.007068787221403253
0.007113252021964985
0.007157892205238517
0.007202707961386957
0.007247699479406578
0.007292866947129382
0.007338210551226384
0.0073837304772101
0.007429426909437308
0.00747530003111197
0.007521350024288115
0.007567577069872796
0.0076139813476287415
0.007660563036177656
0.007707322313002871
0.00775425935445236
0.007801374335741853
0.007848667430957777
0.007896138813060203
0.007943788653885987
0.007991617124152011
0.00803962439345792
0.008087810630289282
0.008136176002021038
0.008184720674920222
0.008233444814149546
0.008282348583770152
0.008331432146745145
0.008380695664942431
0.008430139299138469
0.008479763209020958
0.00852956755319233
0.008579552489173373
0.008629718173405711
0.008680064761255924
0.008730592407018591
0.008781301263918868
0.00883219148411721
0.008883263218711947
0.008934516617742347
0.008985951830192742
0.009037569003995561
0.009089368286034486
0.009141349822148538
0.009193513757134762
0.009245860234752266
0.009298389397725362
0.009351101387747186
0.009403996345482953
0.009457074410573807
0.009510335721640164
0.00956378041628505
0.009617408631097587
0.009671220501657059
0.009725216162536042
0.00977939574730389
0.009833759388530604
0.009888307217790077
0.009943039365663917
0.009997955961744978
0.010053057134640754
0.010108343011977418
0.01016381372040298
0.010219469385591018
0.010275310132244453
0.010331336084099332
0.010387547363928
0.010443944093543128
0.010500526393801142
0.01055729438460609
0.010614248184913203
0.010671387912732332
0.010728713685132323
0.01078622561824346
0.010843923827262578
0.010901808426455904
0.010959879529162955
0.011018137247800267
0.011076581693864978
0.011135212977938515
0.011194031209690968
0.011253036497883217
0.01131222895037266
0.011371608674115442
0.01143117577517113
0.011490930358705383
0.011550872528994857
0.011611002389430233
0.011671320042520028
0.011731825589894267
0.011792519132308738
0.011853400769647958
0.011914470600929698
0.01197572872430823
0.012037175237078052
0.012098810235677653
0.012160633815693687
0.0122226460718642
0.012284847098082669
0.012347236987401715
0.012409815832036658
0.012472583723369268
0.0125355407519517
0.012598687007510491
0.012662022578949673
0.012725547554355033
0.01278926202099711
0.012853166065336019
0.012917259773024577
0.012981543228912235
0.013046016517047869
0.013110679720685156
0.013175532922285243
0.013240576203520852
0.013305809645279474
0.013371233327667513
0.013436847330014384
0.013502651730875594
0.013568646608036547
0.01363483203851633
0.013701208098571819
0.013767774863700918
0.013834532408646258
0.013901480807398885
0.013968620133202481
0.014035950458556642
0.014103471855219915
0.01417118439421498
0.014239088145831252
0.01430718317962823
0.014375469564440512
0.014443947368380276
0.014512616658841524
0.014581477502503052
0.014650529965333281
0.014719774112592912
0.014789210008838385
0.014858837717926962
0.01492865730301835
0.014998668826579908
0.015068872350389985
0.015139267935540263
0.015209855642441237
0.015280635530824621
0.015351607659746806
0.015422772087593776
0.015494128872082508
0.01556567807026705
0.01563741973853994
0.015709353932637
0.015781480707640502
0.01585380011798318
0.015926312217449987
0.015999017059184308
0.01607191469568953
0.016145005178833813
0.016218288559851395
0.016291764889349084
0.016365434217307802
0.01643929659308693
0.0165133520654263
0.016587600682451575
0.016662042491676996
0.016736677540009025
0.016811505873747926
0.016886527538594133
0.016961742579650222
0.017037151041424194
0.017112752967832177
0.017188548402204348
0.017264537387285738
0.017340719965240194
0.017417096177655092
0.017493666065543742
0.017570429669347243
0.017647387028940895
0.017724538183635882
0.017801883172181142
0.01787942203276998
0.01795715480304112
0.018035081520081292
0.01811320222043167
0.01819151694008773
0.018270025714504066
0.018348728578598716
0.01842762556675381
0.018506716712821385
0.018586002050124673
0.018665481611462385
0.01874515542911231
0.018825023534832393
0.018905085959867052
0.018985342734947733
0.01906579389029704
0.01914643945563244
0.01922727946016813
0.01930831393261985
0.019389542901205925
0.019470966393652804
0.01955258443719556
0.019634397058583754
0.01971640428408142
0.019798606139473714
0.019881002650066048
0.019963593840691116
0.02004637973570822
0.020129360359009658
0.020212535734020685
0.020295905883705105
0.02037947083056638
0.020463230596652043
0.020547185203555574
0.020631334672419985
0.020715679023940774
0.020800218278368036
0.020884952455510922
0.02096988157473935
0.02105500565498657
0.021140324714754282
0.021225838772112583
0.021311547844705035
0.02139745194975051
0.02148355110404639
0.021569845323971125
0.02165633462548739
0.021743019024145115
0.02182989853508301
0.02191697317303367
0.02200424295232357
0.022091707886878562
0.022179367990224155
0.022267223275490605
0.02235527375541368
0.022443519442338553
0.022531960348222302
0.02262059648463599
0.02270942786276888
0.022798454493429224
0.022887676387048046
0.02297709355368162
0.023066706003014418
0.023156513744361087
0.023246516786669363
0.023336715138523003
0.023427108808143755
0.02351769780339478
0.02360848213178248
0.023699461800459776
0.023790636816227374
0.02388200718553822
0.02397357291449824
0.024065334008870048
0.024157290474074923
0.0242494423151951
0.024341789536977368
0.024434332143833972
0.024527070139846414
0.02462000352876699
0.02471313231402184
0.024806456498713294
0.024899976085622045
0.024993691077209067
0.025087601475619142
0.02518170728268296
0.025276008499919494
0.025370505128536436
0.025465197169435665
0.025560084623214782
0.025655167490166594
0.02575044577028538
0.02584591946326754
0.02594158856851217
0.026037453085126786
0.026133513011926953
0.026229768347439057
0.026326219089903912
0.026422865237276428
0.026519706787231177
0.026616743737160987
0.02671397608418261
0.02681140382513577
0.026909026956587773
0.02700684547483483
0.02710485937590288
0.0272030686555525
0.027301473309278863
0.027400073332313844
0.027498868719629872
0.02759785946594045
0.027697045565702773
0.027796427013119483
0.027896003802141505
0.027995775926469506
0.028095743379555792
0.0281959061546067
0.02829626424458488
0.02839681764221061
0.02849756633996402
0.028598510330087448
0.028699649604587152
0.02880098415523519
0.028902513973571384
0.02900423905090563
0.02910615937831952
0.029208274946668042
0.029310585746581796
0.029413091768468888
0.029515793002517075
0.02961868943869527
0.02972178106675475
0.029825067876232726
0.02992854985645293
0.03003222699652706
0.030136099285358632
0.03024016671164172
0.03034442926386647
0.030448886930316773
0.030553539699076076
0.0306583875580261
0.030763430494849586
0.030868668497033562
0.03097410155186862
0.031079729646451587
0.03118555276768807
0.03129157090229352
0.031397784036793726
0.031504192157530204
0.03161079525065636
0.031717593302144555
0.03182458629778351
0.03193177422318363
0.032039157063774706
0.03214673480481199
0.032254507431373196
0.032362474928363964
0.032470637280517876
0.03257899447239616
0.032687546488393636
0.0327962933127362
0.03290523492948393
0.03301437132253367
0.03312370247561853
0.03323322837231094
0.03334294899602302
0.03345286433000981
0.033562974357368915
0.033673279061042824
0.03378377842382008
0.03389447242833742
0.03400536105708019
0.03411644429238495
0.034227722116439735
0.0343391945112865
0.03445086145882208
0.034562722940799366
0.034674778938828955
0.03478702943438074
0.03489947440878513
0.035012113843233314
0.03512494771878104
0.03523797601634804
0.03535119871672016
0.03546461580054945
0.035578227248357366
0.035692033040535795
0.03580603315734524
0.03592022757892215
0.036034616285272915
0.0361491992562823
0.036263976471708634
0.03637894791118968
0.036494113554239864
0.0366094733802557
0.036725027368513505
0.0368407754981725
0.03695671774827503
0.037072854097748915
0.03718918452540706
0.03730570900995058
0.03742242752996809
0.0375393400639383
0.03765644659022982
0.037773747087103994
0.03789124153271418
0.03800892990510817
0.03812681218222913
0.03824488834191641
0.038363158361906624
0.038481622219835046
0.03860027989323555
0.03871913135954368
0.038838176596097625
0.03895741558013546
0.03907684828880129
0.039196474699143995
0.039316294788116685
0.03943630853258185
0.03955651590930721
0.039676916894971284
0.039797511466161964
0.03991829959937788
0.04003928127102955
0.04016045645744084
0.04028182513484811
0.04040338727940391
0.04052514286717598
0.040647091874148854
0.040769234276224295
0.04089157004922289
0.04101409916888479
0.0411368216108698
0.04125973735075998
0.04138284636405825
0.0415061486261922
0.0416296441125115
0.04175333279829159
0.04187721465873359
0.04200128966896496
0.042125557804040106
0.04225001903894163
0.04237467334858186
0.04249952070780194
0.04262456109137398
0.042749794474001804
0.04287522083032099
0.043000840134900666
0.04312665236224311
0.04325265748678556
0.043378855482900144
0.043505246324895705
0.04363182998701763
0.04375860644344866
0.04388557566830996
0.04401273763566234
0.044140092319504956
0.04426763969377926
0.044395379732366666
0.04452331240909061
0.044651437697717435
0.044779755571956875
0.04490826600546215
0.045036968971831404
0.04516586444460793
0.04529495239728111
0.045424232803286835
0.045553705636008315
0.04568337086877686
0.0458132284748713
0.04594327842752081
0.046073520699904
0.04620395526514967
0.04633458209633685
0.046465401166497555
0.046596412448615565
0.046727615915626124
0.046859011540419014
0.046990599295837925
0.04712237915467997
0.0472543510896986
0.047386515073602246
0.04751887107905474
0.04765141907867724
0.047784159045048055
0.04791709095070334
0.04805021476813603
0.04818353046980001
0.04831703802810661
0.048450737415427166
0.04858462860409378
0.0487187115663991
0.04885298627459636
0.0489874527009005
0.0491221108174891
0.04925696059650188
0.049392002010041576
0.04952723503017428
0.04966265962893045
0.04979827577830424
0.04993408345025496
0.050070082616706625
0.050206273249549
0.0503426553206389
0.050479228801797296
0.05061599366481463
0.050752949881445755
0.05089009742341516
0.051027436262414405
0.05116496637010363
0.05130268771811142
0.05144060027803554
0.05157870402144371
0.051716998919872866
0.05185548494482958
0.051994162067791894
0.0521330302602078
0.05227208949349698
0.05241133973905011
0.05255078096822977
0.052690413152370726
0.05283023626278013
0.05297025027073842
0.05311045514749644
0.0532508508642822
0.05339143739229439
0.053532214702706304
0.05367318276666573
0.053814341555293625
0.05395569103968802
0.05409723119091827
0.0542389619800328
0.054380883378052094
0.054522995355974345
0.05466529788477306
0.05480779093539783
0.05495047447877377
0.05509334848580385
0.05523641292736744
0.055379667774320476
0.055523112997496314
0.05566674856770553
0.05581057445573651
0.055954590632355666
0.05609879706830732
0.05624319373431348
0.05638778060107485
0.05653255763927036
0.056677524819557824
0.05682268211257448
0.056968029488935416
0.05711356691923558
0.05725929437404967
0.0574052118239306
0.05755131923941206
0.05769761659100639
0.05784410384920714
0.05799078098448642
0.058137647967297826
0.05828470476807363
0.058431951357226536
0.05857938770515034
0.05872701378221725
0.05887482955878261
0.05902283500518134
0.05917103009172939
0.059319414788723365
0.05946798906644155
0.059616752895142844
0.059765706245067315
0.05991484908643634
0.060064181389452465
0.06021370312430008
0.06036341426114484
0.06051331477013309
0.06066340462139373
0.06081368378503702
0.060964152231154645
0.06111480992981955
0.061265656851087195
0.06141669296499445
0.061567918241559896
0.061719332650783686
0.06187093616264831
0.06202272874711696
0.06217471037413678
0.06232688101363371
0.06247924063551881
0.06263178920968279
0.06278452670599864
0.06293745309432085
0.06309056834448759
0.06324387242631682
0.06339736530960846
0.06355104696414532
0.06370491735969025
0.06385897646599062
0.06401322425277217
0.06416766068974532
0.06432228574659801
0.06447709939300456
0.06463210159861847
0.06478729233307468
0.06494267156598998
0.06509823926696136
0.06525399540556832
0.06540993995137166
0.06556607287391315
0.06572239414271533
0.06587890372728152
0.0660356015970977
0.0661924877216286
0.06634956207032189
0.06650682461260343
0.0666642753178816
0.0668219141555455
0.06697974109496328
0.06713775610548474
0.0672959591564393
0.06745435021713779
0.06761292925686767
0.06777169624489977
0.06793065115048447
0.06808979394285004
0.06824912459120717
0.06840864306474277
0.0685683493326253
0.06872824336400137
0.06888832512799864
0.06904859459372151
0.06920905173025502
0.06936969650666162
0.06953052889198287
0.06969154885523866
0.069852756365428
0.07001415139152677
0.0701757339024905
0.07033750386725166
0.07049946125471981
0.07066160603378277
0.07082393817330748
0.07098645764213536
0.07114916440908693
0.07131205844295754
0.07147513971252263
0.07163840818653104
0.07180186383370958
0.07196550662276205
0.0721293365223676
0.07229335350118053
0.07245755752783123
0.07262194857092728
0.0727865265990495
0.0729512915807555
0.0731162434845778
0.07328138227902206
0.07344670793257069
0.0736122204136794
0.07377791969077928
0.07394380573227415
0.07410987850654241
0.07427613798193677
0.07444258412678174
0.0746092169093776
0.07477603629799504
0.07494304226087904
0.07511023476624754
0.07527761378228964
0.07544517927716836
0.0756129312190177
0.07578086957594378
0.07594899431602446
0.07611730540730935
0.07628580281781767
0.07645448651554085
0.0766233564684421
0.07679241264445173
0.07696165501147446
0.07713108353738223
0.07730069819001859
0.07747049893719454
0.07764048574669298
0.0778106585862651
0.07798101742363008
0.07815156222647618
0.07832229296246099
0.07849320959920905
0.07866431210431372
0.07883560044533591
0.07900707458980394
0.07917873450521344
0.07935058015902736
0.07952261151867504
0.07969482855155247
0.07986723122502226
0.08003981950641202
0.08021259336301603
0.08038555276209433
0.08055869767087165
0.08073202805653817
0.08090554388624879
0.08107924512712324
0.08125313174624393
0.08142720371065984
0.08160146098738205
0.08177590354338554
0.08195053134560831
0.0821253443609513
0.08230034255628078
0.08247552589842183
0.08265089435416356
0.0828264478902572
0.08300218647341509
0.08317811007031034
0.08335421864757944
0.08353051217181838
0.083706990609584
0.08388365392739401
0.08406050209172554
0.08423753506901567
0.0844147528256619
0.08459215532802071
0.08476974254240792
0.08494751443509754
0.08512547097232262
0.08530361212027353
0.0854819378451005
0.08566044811291049
0.08583914288976799
0.0860180221416954
0.08619708583467164
0.08637633393463096
0.0865557664074669
0.08673538321902559
0.08691518433511258
0.08709516972148734
0.08727533934386467
0.08745569316791532
0.08763623115926276
0.08781695328348783
0.08799785950612432
0.08817894979265996
0.08836022410853593
0.08854168241914702
0.08872332468984259
0.08890515088592209
0.08908716097264188
0.08926935491520756
0.08945173267877651
0.0896342942284606
0.0898170395293203
0.08999996854636956
0.09018308124457222
0.09036637758884498
0.0905498575440517
0.09073352107500901
0.0909173681464835
0.09110139872319035
0.09128561276979423
0.09147001025090949
0.09165459113110028
0.09183935537487807
0.09202430294670376
0.09220943381098534
0.0923947479320783
0.09258024527428771
0.09276592580186498
0.09295178947900799
0.09313783626986126
0.09332406613851754
0.09351047904901486
0.0936970749653372
0.09388385385141355
0.09407081567111936
0.09425796038827704
0.09444528796665065
0.09463279836995105
0.094820491561832
0.09500836750589343
0.09519642616567839
0.09538466750467285
0.09557309148630737
0.09576169807395547
0.0959504872309325
0.09613945892049836
0.0963286131058538
0.09651794975014258
0.09670746881645065
0.09689717026780394
0.09708705406717232
0.0972771201774649
0.0974673685615321
0.09765779918216554
0.09784841200209766
0.09803920698399857
0.09823018409048222
0.09842134328409971
0.09861268452734227
0.09880420778263994
0.09899591301236195
0.09918780017881626
0.09937986924424937
0.09957212017084674
0.09976455292073093
0.09995716745596148
0.1001499637385381
0.10034294173039598
0.10053610139340767
0.10072944268938179
0.10092296558006585
0.10111667002714107
0.10131055599222662
0.10150462343687709
0.1016988723225817
0.1018933026107681
0.1020879142627967
0.10228270723996323
0.10247768150349847
0.10267283701456813
0.10286817373427236
0.10306369162364482
0.1032593906436536
0.10345527075520061
0.10365133191912075
0.10384757409618309
0.10404399724708885
0.1042406013324733
0.10443738631290225
0.10463435214887615
0.10483149880082604
0.10502882622911734
0.10522633439404644
0.105424023255838
0.1056218927746531
0.10581994291058003
0.10601817362364262
0.10621658487378995
0.10641517662090678
0.10661394882480621
0.1068129014452303
0.10701203444185341
0.10721134777427861
0.10741084140203931
0.1076105152845969
0.10781036938134489
0.1080104036516037
0.10821061805462322
0.1084110125495812
0.1086115870955868
0.10881234165167364
0.10901327617680766
0.10921439062988014
0.10941568496971128
0.10961715915504773
0.10981881314456603
0.11002064689686725
0.1102226603704831
0.11042485352386908
0.11062722631540944
0.11082977870341353
0.11103251064612038
0.11123542210169082
0.11143851302821686
0.111641783383713
0.11184523312612121
0.11204886221330898
0.112252670603069
0.11245665825311991
0.11266082512110567
0.11286517116459585
0.11306969634108317
0.11327440060798803
0.11347928392265264
0.11368434624234768
0.11388958752426422
0.11409500772551937
0.11430060680315475
0.11450638471413604
0.11471234141535311
0.11491847686361825
0.11512479101566866
0.11533128382816465
0.11553795525769048
0.11574480526075306
0.11595183379378297
0.11615904081313394
0.11636642627508156
0.11657399013582578
0.11678173235148859
0.11698965287811453
0.11719775167167044
0.11740602868804645
0.11761448388305429
0.11782311721242747
0.11803192863182299
0.11824091809681815
0.11845008556291363
0.1186594309855303
0.11886895432001272
0.1190786555216251
0.11928853454555531
0.11949859134691018
0.11970882588071972
0.11991923810193451
0.12012982796542591
0.1203405954259873
0.12055154043833273
0.1207626629570964
0.12097396293683486
0.12118544033202379
0.12139709509706029
0.12160892718626315
0.1218209365538697
0.12203312315403943
0.12224548694085112
0.12245802786830468
0.12267074589032075
0.12288364096073745
0.12309671303331825
0.12330996206174082
0.12352338799960727
0.12373699080043785
0.12395077041767287
0.12416472680467426
0.12437885991471972
0.12459316970101232
0.1248076561166711
0.12502231911473552
0.12523715864816434
0.12545217466983888
0.12566736713255455
0.12588273598903404
0.12609828119191396
0.12631400269375095
0.12652990044702128
0.12674597440412358
0.12696222451737252
0.1271786507390043
0.12739525302117388
0.1276120313159564
0.127828985575343
0.12804611575125024
0.12826342179550712
0.12848090365987
0.12869856129600576
0.12891639465550678
0.12913440368988424
0.1293525883505651
0.1295709485888996
0.1297894843561556
0.13000819560351995
0.13022708228209925
0.13044614434292084
0.13066538173692657
0.13088479441498707
0.13110438232788246
0.13132414542631576
0.13154408366091325
0.1317641969822143
0.1319844853406827
0.13220494868670055
0.1324255869705667
0.13264640014250198
0.13286738815264712
0.13308855095106387
0.1333098884877281
0.13353140071253952
0.133753087575318
0.1339749490258012
0.13419698501364719
0.13441919548843398
0.13464158039966034
0.13486413969674296
0.13508687332902122
0.13530978124575074
0.13553286339611176
0.13575611972919874
0.13597955019403338
0.136203154739551
0.1364269333146122
0.13665088586799545
0.13687501234839944
0.13709931270444461
0.13732378688467164
0.13754843483754
0.13777325651143396
0.13799825185465261
0.13822342081542166
0.13844876334188297
0.13867427938210541
0.13889996888407014
0.13912583179568877
0.1393518680647851
0.1395780776391137
0.13980446046634298
0.14003101649406627
0.14025774566979693
0.14048464794097165
0.14071172325494846
0.14093897155900464
0.1411663928003444
0.14139398692608834
0.14162175388328502
0.1418496936188982
0.1420778060798216
0.14230609121286714
0.14253454896476864
0.14276317928218493
0.1429919821116956
0.1432209573998054
0.14345010509294076
0.14367942513745025
0.14390891747960782
0.1441385820656085
0.14436841884157378
0.14459842775354614
0.14482860874749212
0.14505896176930339
0.14528948676479644
0.1455201836797069
0.14575105245970124
0.14598209305036647
0.14621330539721283
0.1464446894456803
0.14667624514112973
0.14690797242884684
0.14713987125404465
0.14737194156185968
0.14760418329735406
0.1478365964055174
0.14806918083126158
0.14830193651942622
0.14853486341477798
0.14876796146200744
0.14900123060573398
0.14923467079050134
0.14946828196077913
0.14970206406096812
0.14993601703538975
0.1501701408282986
0.1504044353838719
0.1506389006462163
0.15087353655936825
0.15110834306728815
0.15134332011386512
0.151578467642917
0.15181378559819125
0.1520492739233637
0.15228493256203643
0.1525207614577414
0.15275676055394058
0.15299292979402376
0.1532292691213128
0.15346577847905513
0.1537024578104309
0.15393930705854925
0.15417632616644913
0.15441351507710097
0.15465087373340317
0.15488840207818996
0.15512610005421923
0.15536396760418839
0.1556020046707176
0.15584021119636585
0.15607858712361838
0.15631713239489614
0.15655584695254973
0.15679473073886374
0.157033783696055
0.15727300576627215
0.15751239689159818
0.15775195701404757
0.15799168607557
0.15823158401804846
0.15847165078329734
0.1587118863130687
0.1589522905490466
0.15919286343285036
0.15943360490603403
0.1596745149100857
0.1599155933864296
0.16015684027642646
0.16039825552136933
0.16063983906248994
0.160881590840956
0.16112351079787018
0.16136559887427135
0.16160785501113803
0.16185027914938244
0.16209287122985636
0.16233563119334796
0.16257855898058296
0.16282165453222602
0.1630649177888795
0.16330834869108413
0.16355194717931884
0.1637957131940042
0.16403964667549648
0.16428374756409247
0.1645280158000295
0.16477245132348517
0.16501705407457667
0.16526182399336065
0.16550676101983494
0.1657518650939408
0.16599713615555728
0.1662425741445068
0.16648817900055332
0.16673395066340213
0.16697988907270234
0.16722599416804382
0.16747226588895994
0.1677187041749276
0.1679653089653667
0.16821208019964037
0.16845901781705713
0.1687061217568665
0.16895339195826597
0.1692008283603965
0.16944843090234224
0.1696961995231354
0.16994413416175108
0.170192234757112
0.17044050124808677
0.17068893357349013
0.17093753167208253
0.1711862954825722
0.17143522494361577
0.17168431999381378
0.17193358057171898
0.17218300661582897
0.17243259806459096
0.1726823548564002
0.17293227692960134
0.1731823642224886
0.17343261667330476
0.17368303422024234
0.17393361680144548
0.17418436435500703
0.17443527681896975
0.17468635413133074
0.1749375962300347
0.17518900305298013
0.1754405745380171
0.17569231062294663
0.1759442112455223
0.1761962763434534
0.1764485058543974
0.17670089971596892
0.17695345786573474
0.17720618024121582
0.17745906677988738
0.1777121174191788
0.17796533209647483
0.17821871074911588
0.17847225331439626
0.17872595972956667
0.17897982993183545
0.1792338638583652
0.17948806144627685
0.1797424226326467
0.17999694735451083
0.1802516355488612
0.18050648715264694
0.18076150210277697
0.1810166803361189
0.18127202178949853
0.1815275263997018
0.18178319410347182
0.18203902483751452
0.18229501853849545
0.18255117514303784
0.18280749458773016
0.1830639768091184
0.1833206217437118
0.18357742932798082
0.18383439949835811
0.18409153219123922
0.18434882734298175
0.18460628488990688
0.1848639047682995
0.18512168691440653
0.18537963126444124
0.18563773775458042
0.18589600632096462
0.18615443689970085
0.18641302942686006
0.18667178383848165
0.18693070007056703
0.18718977805908743
0.18744901773997868
0.18770841904914473
0.18796798192245667
0.18822770629575367
0.18848759210484223
0.1887476392854969
0.18900784777346213
0.18926821750445058
0.18952874841414474
0.18978944043819612
0.19005029351222796
0.19031130757183054
0.19057248255256873
0.1908338183899768
0.19109531501955915
0.19135697237679367
0.19161879039712995
0.19188076901598955
0.19214290816876733
0.19240520779083084
0.1926676678175217
0.19293028818415395
0.19319306882601722
0.19345600967837526
0.19371911067646602
0.19398237175550287
0.1942457928506746
0.19450937389714668
0.19477311483006024
0.1950370155845321
0.19530107609565678
0.19556529629850672
0.1958296761281299
0.19609421551955414
0.19635891440778502
0.19662377272780635
0.19688879041458068
0.1971539674030516
0.1974193036281387
0.1976847990247462
0.19795045352775334
0.19821626707202677
0.1984822395924083
0.19874837102372345
0.19901466130077897
0.19928111035836518
0.19954771813125255
0.19981448455419618
0.20008140956193277
0.20034849308918481
0.20061573507065517
0.20088313544103498
0.20115069413499587
0.2014184110871982
0.20168628623228416
0.20195431950488282
0.20222251083961137
0.20249086017106963
0.2027593674338467
0.20302803256251653
0.20329685549164292
0.20356583615577575
0.20383497448945284
0.20410427042720206
0.2043737239035384
0.20464333485296454
0.20491310320997716
0.20518302890905865
0.20545311188468432
0.20572335207131703
0.20599374940341328
0.20626430381541908
0.20653501524177356
0.2068058836169062
0.20707690887523925
0.20734809095118908
0.2076194297791634
0.20789092529356284
0.20816257742878302
0.20843438611921328
0.208706351299237
0.2089784729032335
0.20925075086557504
0.20952318512063142
0.20979577560276733
0.2100685222463443
0.2103414249857192
0.21061448375524688
0.21088769848927816
0.21116106912216354
0.21143459558824973
0.2117082778218828
0.21198211575740594
0.21225610932916258
0.21253025847149654
0.2128045631187484
0.21307902320526137
0.21335363866537907
0.21362840943344344
0.21390333544380105
0.2141784166307959
0.21445365292877785
0.21472904427209485
0.21500459059510196
0.21528029183215402
0.2155561479176089
0.21583215878583026
0.2161083243711847
0.2163846446080409
0.2166611194307767
0.21693774877377114
0.21721453257141032
0.21749147075808595
0.21776856326819416
0.21804581003614049
0.21832321099633448
0.21860076608319476
0.21887847523114495
0.21915633837461937
0.2194343554480595
0.21971252638591432
0.21999085112264147
0.22026932959271037
0.2205479617305974
0.22082674747078945
0.22110568674778447
0.22138477949608998
0.22166402565022594
0.2219434251447215
0.22222297791411924
0.22250268389297279
0.22278254301584827
0.22306255521732551
0.22334272043199438
0.2236230385944624
0.2239035096393468
0.22418413350128308
0.22446491011491648
0.22474583941491036
0.22502692133594093
0.22530815581270258
0.22558954277990337
0.2258710821722671
0.2261527739245362
0.226434617971468
0.2267166142478384
0.22699876268843938
0.22728106322808217
0.22756351580159515
0.22784612034382518
0.2281288767896387
0.22841178507392132
0.22869484513157767
0.22897805689753284
0.22926142030673174
0.22954493529414002
0.22982860179474338
0.23011241974355087
0.2303963890755905
0.23068050972591456
0.2309647816295962
0.23124920472173108
0.23153377893743918
0.23181850421186206
0.23210338048016568
0.23238840767754038
0.2326735857392002
0.2329589146003833
0.233244394196354
0.2335300244624013
0.23381580533383894
0.234101736746008
0.23438781863427458
0.23467405093403318
0.2349604335807036
0.2352469665097334
0.23553364965659754
0.23582048295679878
0.23610746634586913
0.2363945997593682
0.23668188313288546
0.23696931640203844
0.23725689950247547
0.2375446323698723
0.23783251493993773
0.2381205471484108
0.23840872893105888
0.23869706022368442
0.23898554096211844
0.23927417108222374
0.2395629505198973
0.23985187921106754
0.2401409570916949
0.24043018409777453
0.2407195601653331
0.241009085230434
0.24129875922917052
0.24158858209767484
0.24187855377210943
0.24216867418867616
0.24245894328360953
0.24274936099317995
0.24303992725369528
0.24333064200149745
0.24362150517296768
0.24391251670452194
0.24420367653261404
0.2444949845937359
0.2447864408244171
0.24507804516122464
0.24536979754076577
0.24566169789968514
0.2459537461746664
0.2462459423024335
0.2465382862197501
0.24683077786341995
0.2471234171702852
0.24741620407723164
0.24770913852118448
0.24800222043911013
0.24829544976801757
0.2485888264449563
0.2488823504070192
0.24917602159134136
0.24946983993510083
0.24976380537551723
0.25005791784985787
0.25035217729542675
0.2506465836495763
0.25094113684970604
0.251235836833255
0.25153068353770947
0.2518256769005996
0.25212081685950366
0.2524161033520439
0.2527115363158868
0.25300711568875006
0.2533028414083934
0.25359871341262563
0.2538947316393044
0.2541908960263323
0.2544872065116596
0.25478366303328603
0.2550802655292611
0.25537701393768075
0.2556739081966893
0.25597094824448524
0.2562681340193108
0.2565654654594597
0.25686294250327985
0.2571605650891631
0.2574583331555565
0.257756246640957
0.25805430548391495
0.25835250962302775
0.25865085899694784
0.25894935354437965
0.2592479932040791
0.25954677791485553
0.25984570761557124
0.26014478224514187
0.26044400174253496
0.26074336604677517
0.26104287509693885
0.26134252883215625
0.26164232719161734
0.2619422701145563
0.26224235754027303
0.2625425894081201
0.2628429656575022
0.26314348622788697
0.2634441510587889
0.2637449600897873
0.26404591326051396
0.2643470105106612
0.26464825177997287
0.2649496370082578
0.26525116613537675
0.2655528391012519
0.2658546558458642
0.26615661630924836
0.26645872043150554
0.26676096815278866
0.26706335941331755
0.2673658941533646
0.2676685723132673
0.2679713938334237
0.26827435865428567
0.2685774667163719
0.2688807179602631
0.26918411232659795
0.2694876497560755
0.2697913301894603
0.2700951535675778
0.27039911983131476
0.2707032289216201
0.27100748077950715
0.2713118753460516
0.2716164125623914
0.2719210923697326
0.2722259147093374
0.27253087952253674
0.2728359867507273
0.27314123633536724
0.2734466282179788
0.27375216234015226
0.27405783864354155
0.2743636570698667
0.2746696175609132
0.2749757200585333
0.27528196450464143
0.275588350841224
0.2758948790103319
0.2762015489540825
0.27650836061466155
0.27681531393431924
0.2771224088553771
0.2774296453202217
0.27773702327131033
0.2780445426511655
0.2783522034023822
0.2786600054676205
0.2789679487896114
0.27927603331115414
0.27958425897511924
0.2798926257244457
0.2802011335021403
0.28050978225128437
0.28081857191502807
0.28112750243658996
0.28143657375926073
0.28174578582640286
0.28205513858145104
0.28236463196790806
0.28267426592935124
0.2829840404094281
0.28329395535186225
0.28360401070044233
0.28391420639903775
0.28422454239158396
0.28453501862209296
0.28484563503465027
0.28515639157341266
0.2854672881826127
0.28577832480655413
0.28608950138961803
0.2864008178762575
0.28671227421100304
0.2870238703384545
0.28733560620328996
0.2876474817502641
0.287959496924205
0.288271651670014
0.288583945932673
0.28889637965723475
0.28920895278883374
0.28952166527267564
0.28983451705404545
0.29014750807830486
0.2904606382908911
0.29077390763731853
0.291087316063181
0.291400863514147
0.2917145499359634
0.29202837527445596
0.2923423394755295
0.2926564424851631
0.29297068424941936
0.29328506471443616
0.29359958382643025
0.29391424153170015
0.29422903777661946
0.29454397250764475
0.2948590456713116
0.2951742572142315
0.29548960708310157
0.2958050952246954
0.2961207215858683
0.2964364861135558
0.2967523887547724
0.29706842945661716
0.2973846081662678
0.2977009248309814
0.2980173793980994
0.2983339718150443
0.29865070202932015
0.298967569988512
0.29928457564028754
0.2996017189323967
0.29991899981267317
0.3002364182290307
0.3005539741294672
0.3008716674620628
0.30118949817498164
0.3015074662164711
0.30182557153486234
0.30214381407856844
0.30246219379608624
0.302780710635999
0.3030993645469732
0.3034181554777569
0.30373708337718686
0.30405614819417764
0.30437534987773796
0.30469468837695274
0.3050141636409973
0.305333775619131
0.3056535242606962
0.30597340951512253
0.3062934313319269
0.306613589660709
0.30693388445115655
0.30725431565304206
0.3075748832162258
0.307895587090653
0.3082164272263553
0.3085374035734526
0.3088585160821494
0.30917976470274183
0.30950114938560636
0.309822670081212
0.310144326740112
0.3104661193129507
0.3107880477504558
0.3111101120034471
0.3114323120228281
0.311754647759594
0.3120771191648265
0.312399726189698
0.312722468785465
0.31304534690347524
0.31336836049516537
0.31369150951206226
0.3140147939057787
0.31433821362802017
0.31466176863057777
0.3149854588653353
0.31530928428426275
0.3156332448394242
0.3159573404829698
0.31628157116714123
0.31660593684427024
0.31693043746677835
0.31725507298717914
0.317579843358074
0.3179047485321555
0.31822978846220706
0.31855496310110515
0.31888027240181477
0.31920571631739186
0.3195312948009844
0.31985700780583204
0.3201828552852645
0.3205088371927046
0.3208349534816637
0.3211612041057499
0.32148758901866015
0.32181410817418193
0.3221407615261966
0.3224675490286799
0.32279447063569455
0.32312152630140245
0.3234487159800509
0.3237760396259851
0.3241034971936386
0.32443108863754117
0.3247588139123168
0.3250866729726784
0.3254146657734333
0.32574279226948155
0.32607105241582
0.3263994461675362
0.3267279734798102
0.32705663430791726
0.3273854286072264
0.3277143563332018
0.3280434174413975
0.32837261188746336
0.3287019396271466
0.3290314006162843
0.32936099481080855
0.3296907221667486
0.3300205826402262
0.33035057618745484
0.3306807027647478
0.33101096232850974
0.33134135483524263
0.33167188024154093
0.33200253850409517
0.3323333295796905
0.3326642534252067
0.3329953099976212
0.33332649925400415
0.3336578211515245
0.3339892756474385
0.33432086269910793
0.3346525822639859
0.3349844342996205
0.3353164187636552
0.3356485356138309
0.3359807848079843
0.33631316630404706
0.3366456800600494
0.3369783260341134
0.33731110418446264
0.33764401446940984
0.33797705684737317
0.3383102312768595
0.3386435377164763
0.3389769761249258
0.3393105464610087
0.3396442486836179
0.339978082751749
0.34031204862449116
0.3406461462610298
0.34098037562065037
0.3413147366627323
0.34164922934675285
0.3419838536322891
0.3423186094790086
0.342653496846684
0.34298851569518074
0.3433236659844608
0.34365894767458727
0.3439943607257167
0.3443299050981079
0.34466558075211234
0.34500138764818356
0.3453373257468664
0.34567339500881317
0.346009595394762
0.3463459268655604
0.3466823893821464
0.347018982905556
0.3473557073969305
0.3476925628174987
0.34802954912859385
0.34836666629164653
0.34870391426818564
0.34904129301983616
0.34937880250832437
0.34971644269547264
0.35005421354320115
0.3503921150135308
0.3507301470685783
0.35106830967056113
0.35140660278179514
0.35174502636468935
0.3520835803817597
0.3524222647956147
0.3527610795689632
0.3531000246646145
0.3534391000454732
0.35377830567454555
0.3541176415149344
0.3544571075298421
0.35479670368256966
0.3551364299365184
0.35547628625518646
0.3558162726021708
0.3561563889411683
0.3564966352359762
0.35683701145048663
0.3571775175486958
0.3575181534946938
0.35785891925267344
0.3581998147869261
0.3585408400618382
0.35888199504190155
0.35922327969170076
0.35956469397592444
0.35990623785936054
0.3602479113068942
0.3605897142835041
0.36093164675428135
0.3612737086844034
0.36161590003915484
0.36195822078391565
0.36230067088416545
0.36264325030548616
0.3629859590135552
0.3633287969741507
0.3636717641531513
0.3640148605165347
0.3643580860303738
0.3647014406608451
0.3650449243742251
0.36538853713688674
0.36573227891530163
0.36607614967604496
0.3664201493857895
0.3667642780113049
0.3671085355194629
0.3674529218772314
0.36779743705168183
0.3681420810099834
0.36848685371940326
0.3688317551473091
0.36917678526116976
0.36952194402854877
0.3698672314171122
0.3702126473946258
0.37055819192895356
0.3709038649880602
0.37124966654000763
0.3715955965529561
0.37194165499517046
0.37228784183501157
0.37263415704093694
0.3729806005815072
0.37332717242538116
0.3736738725413175
0.37402070089817235
0.37436765746490314
0.37471474221056633
0.37506195510431634
0.3754092961154055
0.3757567652131898
0.37610436236712225
0.37645208754674936
0.37679994072172956
0.37714792186180807
0.3774960309368353
0.37784426791675957
0.3781926327716284
0.3785411254715871
0.3788897459868815
0.3792384942878568
0.3795873703449574
0.3799363741287231
0.3802855056097974
0.3806347647589185
0.3809841515469273
0.3813336659447613
0.3816833079234577
0.3820330774541537
0.38238297450807995
0.3827329990565733
0.38308315107106417
0.3834334305230842
0.38378383738426236
0.3841343716263282
0.38448503322110655
0.3848358221405234
0.3851867383566033
0.3855377818414673
0.3858889525673375
0.38624025050653454
0.3865916756314737
0.38694322791467356
0.3872949073287472
0.387646713846408
0.3879986474404666
0.3883507080838343
0.38870289574951783
0.38905521041062263
0.389407652040354
0.3897602206120124
0.3901129160989985
0.3904657384748125
0.3908186877130489
0.3911717637874021
0.39152496667166276
0.391878296339722
0.39223175276556926
0.39258533592328876
0.3929390457870612
0.393292882331171
0.39364684552999507
0.39400093535800684
0.39435515178978536
0.39470949479999856
0.39506396436341573
0.39541856045490104
0.3957732830494195
0.3961281321220322
0.39648310764789496
0.39683820960226607
0.39719343796049267
0.39754879269802684
0.39790427379041604
0.39825988121330175
0.3986156149424236
0.3989714749536193
0.3993274612228213
0.39968357372606345
0.400039812439471
0.4003961773392677
0.4007526684017738
0.4011092856034064
0.40146602892068145
0.4018228983302076
0.40217989380868824
0.4025370153329283
0.4028942628798278
0.40325163642638095
0.40360913594967823
0.4039667614269062
0.40432451283534965
0.40468239015238555
0.40504039335549114
0.4053985224222378
0.4057567773302897
0.4061151580574082
0.4064736645814548
0.4068322968803813
0.4071910549322357
0.40754993871516126
0.40790894820740053
0.40826808338728615
0.40862734423324804
0.4089867307238138
0.4093462428375999
0.4097058805533265
0.4100656438497998
0.410425532705926
0.4107855471007035
0.4111456870132297
0.4115059524226932
0.4118663433083769
0.4122268596496586
0.4125875014260107
0.41294826861700296
0.4133091612022935
0.41367017916163745
0.41403132247488855
0.41439259112198756
0.41475398508297245
0.41511550433797384
0.4154771488672188
0.4158389186510268
0.416200813669809
0.4165628339040717
0.4169249793344154
0.41728724994153443
0.41764964570621355
0.4180121666093319
0.4183748126318648
0.41873758375487846
0.41910047995953126
0.4194635012270728
0.41982664753885424
0.42018991887630686
0.4205533152209642
0.420916836554449
0.42128048285847813
0.42164425411485634
0.42200815030548566
0.4223721714123599
0.4227363174175633
0.42310058830327046
0.4234649840517526
0.42382950464536995
0.4241941500665757
0.42455892029791253
0.4249238153220182
0.4252888351216207
0.42565397967953716
0.4260192489786778
0.426384643002046
0.4267501617327351
0.42711580515392716
0.4274815732488993
0.42784746600101586
0.42821348339373366
0.42857962541060335
0.4289458920352603
0.42931228325143184
0.42967879904294026
0.4300454393936953
0.4304122042876951
0.4307790937090311
0.4311461076418825
0.43151324607051966
0.4318805089793036
0.4322478963526829
0.4326154081751992
0.43298304443147895
0.4333508051062424
0.4337186901842973
0.4340866996505418
0.4344548334899633
0.4348230916876357
0.4351914742287236
0.4355599810984832
0.43592861228225427
0.4362973677654696
0.43666624753364924
0.4370352515723997
0.43740437986742114
0.4377736324044946
0.4381430091694962
0.4385125101483878
0.4388821353272168
0.4392518846921225
0.439621758229328
0.4399917559251473
0.4403618777659829
0.4407321237383189
0.4411024938287338
0.4414729880238872
0.44184360631053154
0.44221434867550347
0.4425852151057246
0.4429562055882082
0.44332732011005055
0.44369855865843544
0.4440699212206338
0.4444414077840036
0.4448130183359862
0.44518475286411446
0.445556611356001
0.4459285937993478
0.44630070018194545
0.4466729304916629
0.4470452847164643
0.4474177628443906
0.4477903648635714
0.4481630907622248
0.44853594052864987
0.44890891415123424
0.4492820116184458
0.449655232918842
0.450028578041063
0.45040204697383474
0.4507756397059662
0.45114935622635116
0.4515231965239683
0.4518971605878813
0.4522712484072361
0.4526454599712638
0.45301979526927905
0.453394254290681
0.45376883702495296
0.4541435434616569
0.45451837359044456
0.45489332740104804
0.4552684048832837
0.4556436060270486
0.4560189308223264
0.45639437925918086
0.45676995132775877
0.45714564701829
0.45752146632108753
0.4578974092265464
0.45827347572514254
0.4586496658074378
0.45902597946406926
0.45940241668576515
0.45977897746332586
0.46015566178764045
0.46053246964967637
0.46090940104048356
0.46128645595119405
0.46166363437301794
0.46204093629724874
0.4624183617152617
0.46279591061851266
0.4631735829985354
0.4635513788469481
0.46392929815544665
0.46430734091580766
0.4646855071198896
0.46506379675963055
0.4654422098270462
0.4658207463142358
0.46619940621337647
0.46657818951672503
0.46695709621661613
0.4673361263054677
0.4677152797757738
0.46809455662010846
0.46847395683112536
0.46885348040155594
0.4692331273242116
0.4696128975919817
0.46999279119783494
0.4703728081348173
0.4707529483960528
0.47113321197474506
0.4715135988641747
0.47189410905770046
0.47227474254876006
0.4726554993308676
0.4730363793976122
0.4734173827426657
0.47379850935977447
0.47417975924276123
0.4745611323855271
0.4749426287820494
0.4753242484263834
0.47570599131265856
0.4760878574350827
0.4764698467879425
0.47685195936559427
0.47723419516247606
0.4776165541731003
0.4779990363920557
0.4783816418140064
0.4787643704336904
0.4791472222459243
0.4795301972455984
0.4799132954276789
0.48029651678720575
0.4806798613192961
0.48106332901913934
0.4814469198820025
0.4818306339032257
0.48221447107822235
0.4825984314024817
0.48298251487156757
0.48336672148111787
0.48375105122684353
0.4841355041045296
0.4845200801100337
0.48490477923929126
0.4852896014883048
0.48567454685315586
0.4860596153299958
0.48644480691505215
0.48683012160461875
0.48721555939507283
0.48760112028285363
0.4879868042644805
0.48837261133654036
0.4887585414956951
0.4891445947386787
0.48953077106229687
0.48991707046342514
0.4903034929390135
0.49069003848608156
0.49107670710172285
0.4914634987831013
0.49185041352744924
0.49223745133207464
0.4926246121943543
0.4930118961117346
0.4933993030817348
0.4937868331019436
0.49417448617002
0.4945622622836947
0.4949501614407677
0.49533818363910803
0.495726328876656
0.4961145971514206
0.4965029884614822
0.49689150280498945
0.4972801401801606
0.4976689005852831
0.49805778401871237
0.4984467904788769
0.4988359199642686
0.4992251724734519
0.4996145480050593
0.500004046557787
0.5003936681304089
0.5007834127217612
0.5011732803307449
0.5015632709563371
0.5019533845975772
0.5023436212535696
0.5027339809234979
0.5031244636065983
0.5035150693021851
0.5039057980096348
0.5042966497283901
0.5046876244579687
0.5050787221979418
0.5054699429479569
0.5058612867077259
0.5062527534770257
0.5066443432557042
0.5070360560436642
0.507427891840888
0.5078198506474133
0.5082119324633512
0.5086041372888694
0.5089964651242094
0.5093889159696742
0.5097814898256351
0.5101741866925213
0.5105670065708344
0.510959949461138
0.5113530153640571
0.5117462042802884
0.5121395162105838
0.5125329511557682
0.5129265091167241
0.5133201900944033
0.513713994089812
0.514107921104037
0.5145019711382083
0.5148961441935365
0.5152904402712816
0.51568485937278
0.5160794014994201
0.5164740666526586
0.5168688548340135
0.5172637660450667
0.517658800287461
0.5180539575629043
0.5184492378731582
0.5188446412200598
0.5192401676054966
0.5196358170314235
0.5200315894998563
0.5204274850128726
0.5208235035726093
0.5212196451812674
0.5216159098411046
0.5220122975544433
0.5224088083236715
0.5228054421512252
0.5232021990396118
0.5235990789913952
0.5239960820091981
0.5243932080957084
0.5247904572536684
0.5251878294858867
0.5255853247952222
0.525982943184605
0.5263806846570137
0.5267785492154948
0.5271765368631499
0.5275746476031398
0.5279728814386851
0.528371238373066
0.5287697184096232
0.5291683215517454
0.5295670478028965
0.5299658971665854
0.5303648696463873
0.5307639652459252
0.5311631839688946
0.531562525819033
0.5319619908001533
0.5323615789161078
0.5327612901708192
0.5331611245682609
0.5335610821124652
0.5339611628075226
0.5343613666575786
0.5347616936668392
0.5351621438395572
0.5355627171800579
0.5359634136927087
0.5363642333819391
0.5367651762522313
0.5371662423081286
0.5375674315542268
0.5379687439951808
0.5383701796356937
0.5387717384805342
0.5391734205345158
0.539575225802511
0.5399771542894589
0.5403792060003311
0.5407813809401725
0.5411836791140725
0.5415861005271808
0.5419886451846989
0.5423913130918828
0.5427941042540415
0.5431970186765401
0.543600056364798
0.5440032173242858
0.5444065015605258
0.5448099090791004
0.5452134398856401
0.5456170939858295
0.5460208713854101
0.5464247720901687
0.5468287961059545
0.5472329434386595
0.5476372140942345
0.5480416080786803
0.5484461253980535
0.5488507660584592
0.5492555300660524
0.5496604174270475
0.550065428147703
0.5504705622343342
0.5508758196933027
0.5512812005310295
0.5516867047539817
0.5520923323686732
0.5524980833816754
0.5529039577996114
0.5533099556291533
0.5537160768770191
0.5541223215499822
0.5545286896548625
0.554935181198541
0.5553417961879329
0.5557485346300136
0.5561553965318079
0.5565623819003839
0.5569694907428677
0.5573767230664264
0.5577840788782858
0.5581915581857122
0.5585991609960278
0.5590068873165973
0.5594147371548395
0.5598227105182205
0.5602308074142525
0.5606390278504999
0.5610473718345709
0.5614558393741251
0.5618644304768714
0.5622731451505653
0.5626819834030091
0.5630909452420518
0.5635000306755904
0.5639092397115727
0.564318572357993
0.564728028622886
0.5651376085143434
0.5655473120404956
0.5659571392095268
0.5663670900296643
0.566777164509179
0.5671873626563919
0.5675976844796723
0.5680081299874283
0.5684186991881264
0.568829392090266
0.5692402087023984
0.5696511490331203
0.5700622130910727
0.5704734008849457
0.5708847124234697
0.5712961477154214
0.5717077067696271
0.5721193895949545
0.5725311962003135
0.5729431265946595
0.573355180787004
0.5737673587863833
0.5741796606018911
0.5745920862426658
0.5750046357178825
0.5754173090367664
0.575830106208587
0.5762430272426511
0.5766560721483082
0.5770692409349634
0.5774825336120557
0.5778959501890721
0.5783094906755347
0.5787231550810175
0.5791369434151321
0.5795508556875341
0.579964891907926
0.5803790520860439
0.5807933362316742
0.5812077443546424
0.581622276464818
0.5820369325721065
0.5824517126864656
0.5828666168178865
0.5832816449764043
0.5836967971720946
0.58411207341508
0.5845274737155187
0.5849429980836056
0.585358646529595
0.5857744190637624
0.5861903156964298
0.586606336437966
0.5870224812987752
0.5874387502893033
0.5878551434200368
0.5882716607015014
0.5886883021442637
0.5891050677589296
0.5895219575561502
0.589938971546607
0.5903561097410286
0.5907733721501787
0.5911907587848626
0.5916082696559245
0.5920259047742527
0.5924436641507647
0.5928615477964242
0.5932795557222309
0.5936976879392288
0.5941159444584877
0.5945343252911308
0.5949528304483124
0.5953714599412234
0.5957902137810961
0.5962090919792055
0.5966280945468491
0.5970472214953769
0.597466472836178
0.5978858485806628
0.5983053487402972
0.5987249733265768
0.5991447223510309
0.5995645958252299
0.5999845937607855
0.6004047161693372
0.6008249630625678
0.6012453344521955
0.6016658303499783
0.6020864507676996
0.6025071957171945
0.6029280652103177
0.6033490592589782
0.6037701778751049
0.6041914210706739
0.6046127888576935
0.6050342812482021
0.6054558982542823
0.6058776398880498
0.6062995061616537
0.606721497087278
0.6071436126771437
0.607565852943508
0.6079882178986581
0.6084107075549228
0.6088333219246602
0.6092560610202671
0.6096789248541722
0.6101019134388365
0.6105250267867602
0.6109482649104776
0.6113716278225537
0.6117951155355865
0.6122187280622123
0.6126424654151024
0.6130663276069566
0.6134903146505064
0.6139144265585259
0.6143386633438135
0.614763025019208
0.6151875115975762
0.6156121230918216
0.6160368595148784
0.6164617208797085
0.6168867071993213
0.617311818486747
0.6177370547550446
0.618162416017322
0.6185879022867019
0.6190135135763499
0.6194392498994591
0.6198651112692598
0.6202910976990056
0.62071720920199
0.6211434457915306
0.6215698074809893
0.6219962942837438
0.6224229062132121
0.6228496432828425
0.6232765055061139
0.6237034928965389
0.624130605467658
0.6245578432330399
0.6249852062062905
0.6254126944010401
0.6258403078309558
0.6262680465097318
0.6266959104510917
0.6271238996687913
0.6275520141766162
0.6279802539883834
0.6284086191179336
0.6288371095791483
0.62926572538593
0.6296944665522127
0.6301233330919628
0.6305523250191716
0.6309814423478656
0.6314106850920971
0.6318400532659465
0.6322695468835253
0.6326991659589736
0.6331289105064609
0.6335587805401859
0.6339887760743742
0.6344188971232785
0.6348491437011878
0.6352795158224087
0.635710013501285
0.636140636752184
0.6365713855895063
0.6370022600276725
0.6374332600811369
0.6378643857643809
0.6382956370919108
0.6387270140782662
0.6391585167380064
0.6395901450857285
0.6400218991360459
0.6404537789036109
0.6408857844030896
0.6413179156491864
0.641750172656628
0.6421825554401673
0.6426150640145881
0.643047698394695
0.643480458595326
0.6439133446313416
0.6443463565176278
0.6447794942690993
0.6452127579006945
0.6456461474273837
0.6460796628641583
0.646513304226034
0.6469470715280586
0.6473809647853002
0.6478149840128579
0.6482491292258494
0.6486834004394264
0.6491177976687593
0.6495523209290461
0.6499869702355131
0.6504217456034038
0.6508566470479957
0.6512916745845905
0.6517268282285097
0.6521621079950947
0.6525975138997304
0.6530330459578104
0.6534687041847561
0.6539044885960161
0.6543403992070614
0.6547764360333914
0.655212599090523
0.6556488883940005
0.6560853039593975
0.6565218458022997
0.6569585139383289
0.6573953083831211
0.6578322291523462
0.6582692762616831
0.6587064497268564
0.6591437495635896
0.6595811757876446
0.6600187284148041
0.6604564074608715
0.660894212941676
0.6613321448730655
0.6617702032709197
0.66220838815113
0.6626466995296225
0.6630851374223329
0.6635237018452321
0.6639623928143036
0.6644012103455607
0.6648401544550334
0.6652792251587778
0.6657184224728728
0.6661577464134183
0.6665971969965339
0.6670367742383593
0.6674764781550707
0.6679163087628439
0.6683562660778963
0.6687963501164544
0.6692365608947727
0.6696768984291255
0.6701173627358067
0.6705579538311341
0.6709986717314462
0.6714395164530998
0.6718804880124796
0.6723215864259826
0.6727628117100362
0.6732041638810806
0.67364564295558
0.6740872489500199
0.6745289818809085
0.6749708417647714
0.6754128286181514
0.6758549424576183
0.6762971832997622
0.6767395511611881
0.6771820460585264
0.677624668008424
0.6780674170275496
0.6785102931325909
0.678953296340258
0.6793964266672804
0.6798396841303997
0.6802830687463897
0.6807265805320385
0.6811702195041487
0.6816139856795491
0.6820578790750811
0.6825018997076191
0.6829460475940388
0.6833903227512474
0.6838347251961675
0.6842792549457418
0.6847239120169282
0.685168696426708
0.6856136081920775
0.6860586473300587
0.6865038138576847
0.6869491077920088
0.6873945291501057
0.6878400779490645
0.6882857542060006
0.6887315579380358
0.6891774891623234
0.6896235478960211
0.6900697341563162
0.6905160479604081
0.6909624893255186
0.6914090582688789
0.6918557548077474
0.6923025789593994
0.6927495307411177
0.6931966101702149
0.6936438172640177
0.6940911520398656
0.6945386145151201
0.69498620470716
0.69543392263338
0.695881768311194
0.6963297417580272
0.6967778429913274
0.6972260720285601
0.6976744288872074
0.6981229135847646
0.6985715261387481
0.6990202665666845
0.6994691348861265
0.6999181311146325
0.700367255269792
0.7008165073691985
0.701265887430465
0.7017153954712245
0.702165031509122
0.7026147955618217
0.7030646876470018
0.7035147077823569
0.7039648559856057
0.7044151322744661
0.704865536666688
0.7053160691800283
0.7057667298322655
0.7062175186411851
0.7066684356245971
0.7071194808003228
0.7075706541862035
0.7080219558000879
0.7084733856598496
0.7089249437833696
0.7093766301885482
0.7098284448933015
0.7102803879155597
0.7107324592732672
0.7111846589843875
0.7116369870668904
0.7120894435387732
0.7125420284180362
0.7129947417227008
0.7134475834708057
0.7139005536803968
0.7143536523695408
0.7148068795563152
0.7152602352588139
0.7157137194951473
0.7161673322834369
0.716621073641819
0.7170749435884458
0.7175289421414853
0.7179830693191163
0.7184373251395292
0.7188917096209354
0.7193462227815582
0.7198008646396347
0.7202556352134135
0.7207105345211593
0.7211655625811507
0.7216207194116779
0.7220760050310479
0.7225314194575797
0.7229869627096057
0.7234426348054749
0.7238984357635453
0.7243543656021888
0.7248104243397958
0.7252666119947645
0.7257229285855085
0.7261793741304552
0.7266359486480443
0.7270926521567298
0.7275494846749767
0.7280064462212643
0.7284635368140858
0.7289207564719455
0.7293781052133622
0.7298355830568658
0.730293190021003
0.7307509261243236
0.7312087913854056
0.7316667858228235
0.7321249094551737
0.7325831623010656
0.7330415443791167
0.7335000557079566
0.7339586963062332
0.7344174661926004
0.7348763653857283
0.7353353939042964
0.7357945517669978
0.7362538389925393
0.7367132555996379
0.7371728016070206
0.7376324770334333
0.738092281897625
0.7385522162183628
0.7390122800144233
0.739472473304596
0.7399327961076825
0.7403932484424914
0.7408538303278484
0.741314541782591
0.7417753828255633
0.7422363534756266
0.7426974537516494
0.7431586836725141
0.7436200432571113
0.7440815325243475
0.7445431514931405
0.7450049001824094
0.7454667786110976
0.745928786798156
0.7463909247625395
0.7468531925232244
0.7473155900991902
0.7477781175094308
0.7482407747729483
0.7487035619087596
0.749166478935891
0.749629525873381
0.75009270274027
0.7505560095556254
0.7510194463385099
0.7514830131080034
0.7519467098831982
0.7524105366831949
0.7528744935271005
0.7533385804340421
0.7538027974231476
0.7542671445135619
0.7547316217244366
0.7551962290749329
0.755660966584226
0.7561258342714998
0.7565908321559485
0.7570559602567718
0.757521218593187
0.7579866071844188
0.7584521260496979
0.7589177752082676
0.759383554679387
0.7598494644823136
0.7603155046363242
0.7607816751607048
0.7612479760747413
0.7617144073977429
0.762180969149017
0.7626476613478907
0.7631144840136935
0.7635814371657662
0.7640485208234606
0.7645157350061369
0.7649830797331648
0.7654505550239229
0.7659181608978031
0.7663858973742
0.7668537644725211
0.7673217622121873
0.7677898906126185
0.768258149693253
0.7687265394735363
0.7691950599729196
0.7696637112108657
0.7701324932068468
0.7706014059803453
0.7710704495508481
0.7715396239378557
0.7720089291608738
0.7724783652394213
0.7729479321930205
0.7734176300412077
0.7738874588035233
0.7743574184995232
0.7748275091487633
0.775297730770819
0.7757680833852608
0.7762385670116796
0.7767091816696668
0.7771799273788293
0.7776508041587776
0.7781218120291321
0.7785929510095239
0.7790642211195868
0.7795356223789687
0.7800071548073227
0.7804788184243129
0.7809506132496098
0.7814225393028901
0.7818945966038444
0.7823667851721665
0.7828391050275594
0.7833115561897358
0.7837841386784161
0.7842568525133268
0.7847296977142031
0.7852026743007917
0.7856757822928442
0.7861490217101178
0.7866223925723855
0.7870958948994156
0.7875695287110019
0.7880432940269273
0.7885171908669949
0.7889912192510083
0.7894653791987886
0.7899396707301544
0.7904140938649349
0.7908886486229701
0.7913633350241055
0.7918381530881958
0.7923131028350968
0.7927881842846815
0.7932633974568226
0.7937387423714088
0.7942142190483228
0.7946898275074695
0.7951655677687548
0.7956414398520845
0.7961174437773884
0.79659357956459
0.7970698472336212
0.7975462468044302
0.7980227782969634
0.7984994417311758
0.7989762371270384
0.7994531645045158
0.7999302238835896
0.8004074152842423
0.8008847387264719
0.8013621942302736
0.8018397818156553
0.8023175015026358
0.802795353311228
0.8032733372614648
0.8037514533733784
0.8042297016670131
0.8047080821624151
0.8051865948796427
0.8056652398387544
0.8061440170598244
0.8066229265629262
0.8071019683681395
0.8075811424955609
0.8080604489652786
0.8085398877974045
0.8090194590120431
0.8094991626293123
0.8099789986693346
0.8104589671522392
0.8109390680981647
0.8114193015272542
0.8118996674596539
0.8123801659155211
0.8128607969150199
0.8133415604783221
0.8138224566255979
0.814303485377032
0.8147846467528143
0.8152659407731357
0.8157473674582016
0.8162289268282181
0.8167106189033997
0.8171924437039662
0.8176744012501457
0.8181564915621713
0.81863871466028
0.8191210705647188
0.8196035592957417
0.8200861808736035
0.8205689353185706
0.8210518226509107
0.8215348428909057
0.8220179960588343
0.8225012821749863
0.8229847012596567
0.8234682533331452
0.8239519384157636
0.8244357565278193
0.8249197076896373
0.8254037919215399
0.8258880092438566
0.8263723596769263
0.8268568432410965
0.8273414599567088
0.827826209844122
0.8283110929237001
0.8287961092158056
0.8292812587408144
0.829766541519102
0.8302519575710536
0.830737506917064
0.8312231895775236
0.8317090055728412
0.8321949549234168
0.832681037649667
0.8331672537720125
0.8336536033108766
0.8341400862866886
0.8346267027198915
0.8351134526309213
0.8356003360402283
0.8360873529682639
0.8365745034354904
0.8370617874623701
0.8375492050693741
0.8380367562769768
0.8385244411056638
0.8390122595759163
0.839500211708233
0.839988297523108
0.8404765170410491
0.8409648702825603
0.8414533572681564
0.8419419780183659
0.8424307325537054
0.8429196208947106
0.8434086430619171
0.8438977990758655
0.8443870889571089
0.8448765127261922
0.8453660704036798
0.8458557620101332
0.8463455875661192
0.8468355470922185
0.8473256406090048
0.8478158681370648
0.8483062296969912
0.8487967253093743
0.849287354994821
0.8497781187739359
0.8502690166673302
0.8507600486956224
0.8512512148794307
0.8517425152393848
0.8522339497961193
0.8527255185702693
0.8532172215824777
0.853709058853397
0.8542010304036739
0.8546931362539726
0.8551853764249517
0.8556777509372869
0.8561702598116472
0.8566629030687151
0.8571556807291689
0.8576485928137055
0.8581416393430155
0.8586348203378004
0.8591281358187637
0.8596215858066167
0.8601151703220711
0.8606088893858521
0.8611027430186811
0.8615967312412897
0.8620908540744106
0.8625851115387871
0.863079503655161
0.8635740304442847
0.8640686919269162
0.8645634881238119
0.8650584190557364
0.8655534847434634
0.8660486852077668
0.8665440204694249
0.8670394905492242
0.8675350954679556
0.8680308352464109
0.8685267099053952
0.8690227194657079
0.8695188639481601
0.8700151433735714
0.8705115577627565
0.8710081071365418
0.8715047915157531
0.8720016109212294
0.8724985653738081
0.8729956548943327
0.8734928795036532
0.8739902392226231
0.8744877340720983
0.8749853640729471
0.8754831292460339
0.8759810296122342
0.8764790651924224
0.8769772360074862
0.8774755420783131
0.877973983425789
0.8784725600708195
0.8789712720343016
0.8794701193371437
0.8799691020002562
0.8804682200445557
0.8809674734909678
0.881466862360412
0.8819663866738243
0.8824660464521384
0.8829658417162926
0.8834657724872352
0.8839658387859135
0.8844660406332863
0.8849663780503073
0.8854668510579455
0.8859674596771658
0.8864682039289444
0.8869690838342589
0.887470099414092
0.887971250689435
0.8884725376812783
0.8889739604106137
0.8894755188984529
0.8899772131657954
0.8904790432336562
0.89098100912305
0.8914831108549972
0.8919853484505251
0.8924877219306647
0.8929902313164488
0.8934928766289184
0.893995657889115
0.894498575118093
0.8950016283369019
0.8955048175666024
0.8960081428282562
0.896511604142933
0.897015201531704
0.8975189350156456
0.8980228046158429
0.8985268103533769
0.8990309522493454
0.8995352303248423
0.9000396446009655
0.9005441950988249
0.9010488818395258
0.9015537048441875
0.9020586641339272
0.9025637597298674
0.9030689916531376
0.9035743599248743
0.9040798645662123
0.9045855055982933
0.9050912830422708
0.9055971969192913
0.9061032472505144
0.9066094340570992
0.9071157573602128
0.9076222171810272
0.9081288135407156
0.9086355464604627
0.9091424159614465
0.9096494220648625
0.9101565647919033
0.9106638441637669
0.911171260201657
0.9116788129267822
0.9121865023603558
0.9126943285235943
0.9132022914377216
0.913710391123963
0.9142186276035504
0.914727000897722
0.9152355110277164
0.9157441580147812
0.9162529418801649
0.9167618626451256
0.9172709203309218
0.9177801149588167
0.9182894465500797
0.918798915125987
0.9193085207078135
0.9198182633168461
0.920328142974372
0.920838159701681
0.9213483135200747
0.9218586044508542
0.9223690325153241
0.9228795977347963
0.9233903001305909
0.9239011397240247
0.9244121165364265
0.9249232305891262
0.9254344819034546
0.9259458705007599
0.9264573964023815
0.926969059629667
0.9274808602039786
0.9279927981466667
0.9285048734790978
0.9290170862226418
0.9295294363986704
0.9300419240285644
0.9305545491337026
0.931067311735477
0.9315802118552733
0.932093249514497
0.9326064247345445
0.9331197375368239
0.9336331879427449
0.9341467759737285
0.9346605016511894
0.9351743649965581
0.9356883660312665
0.9362025047767442
0.9367167812544376
0.9372311954857865
0.9377457474922481
0.9382604372952673
0.9387752649163109
0.9392902303768454
0.9398053336983344
0.9403205749022537
0.9408359540100829
0.941351471043306
0.9418671260234139
0.942382918971897
0.9428988499102533
0.9434149188599894
0.9439311258426123
0.9444474708796364
0.9449639539925783
0.9454805752029598
0.9459973345323142
0.9465142320021684
0.9470312676340633
0.9475484414495383
0.9480657534701488
0.9485832037174382
0.9491007922129702
0.9496185189783068
0.9501363840350132
0.9506543874046638
0.951172529108835
0.9516908091691103
0.9522092276070755
0.9527277844443259
0.9532464797024542
0.9537653134030671
0.954284285567771
0.954803396218181
0.9553226453759107
0.955842033062582
0.9563615592998257
0.9568812241092731
0.9574010275125617
0.9579209695313363
0.9584410501872447
0.9589612695019377
0.9594816274970732
0.9600021241943179
0.9605227596153345
0.9610435337818044
0.9615644467153996
0.9620854984378041
0.9626066889707096
0.9631280183358077
0.963649486554801
0.9641710936493881
0.9646928396412842
0.9652147245522026
0.9657367484038605
0.9662589112179857
0.9667812130163074
0.9673036538205602
0.9678262336524867
0.9683489525338301
0.9688718104863433
0.9693948075317833
0.9699179436919084
0.970441218988491
0.9709646334433008
0.9714881870781127
0.9720118799147147
0.972535711974887
0.9730596832804297
0.9735837938531416
0.9741080437148231
0.9746324328872875
0.975156961392345
0.9756816292518175
0.9762064364875308
0.9767313831213154
0.9772564691750086
0.9777816946704508
0.9783070596294898
0.9788325640739773
0.9793582080257713
0.9798839915067372
0.9804099145387414
0.980935977143655
0.9814621793433643
0.9819885211597498
0.9825150026147038
0.9830416237301208
0.9835683845279037
0.9840952850299621
0.9846223252582043
0.9851495052345502
0.9856768249809241
0.9862042845192542
0.986731883871474
0.9872596230595305
0.9877875021053603
0.9883155210309229
0.9888436798581698
0.989371978609067
0.989900417305583
0.990428995969689
0.9909577146233681
0.9914865732886067
0.9920155719873881
0.992544710741718
0.993073989573596
0.9936034085050294
0.9941329675580314
0.9946626667546232
0.9951925061168295
0.9957224856666805
0.9962526054262135
0.9967828654174737
0.9973132656625069
0.9978438061833661
0.9983744870021151
0.9989053081408179
0.9994362696215456
0.9999673714663758
1.000498613697389
1.0010299963366842
1.0015615194063454
1.002093182928482
1.0026249869251915
1.0031569314185984
1.0036890164308145
1.0042212419839658
1.004753608100179
1.0052861148016008
1.005818762110361
1.006351550048616
1.0068844786385212
1.0074175479022283
1.0079507578619211
1.0084841085397573
1.009017599957919
1.0095512321385953
1.0100850051039725
1.0106189188762487
1.011152973477624
1.0116871689303146
1.0122215052565344
1.0127559824784986
1.0132906006184386
1.0138253596985887
1.0143602597411863
1.0148953007684787
1.0154304828027227
1.0159658058661696
1.01650126998109
1.0170368751697498
1.0175726214544325
1.0181085088574156
1.018644537400992
1.0191807071074572
1.0197170179991157
1.0202534700982702
1.0207900634272404
1.0213267980083478
1.02186367386392
1.022400691016289
1.0229378494877983
1.0234751493007892
1.0240125904776223
1.0245501730406499
1.0250878970122477
1.0256257624147802
1.026163769270631
1.0267019176021799
1.027240207431829
1.0277786387819687
1.0283172116750072
1.028855926133355
1.0293947821794351
1.0299337798356638
1.030472919124475
1.0310122000683124
1.0315516226896175
1.0320911870108356
1.0326308930544368
1.033170740842873
1.0337107303986246
1.034250861744166
1.034791134901982
1.0353315498945606
1.0358721067444006
1.036412805474016
1.0369536461059095
1.0374946286625966
1.0380357531666082
1.0385770196404807
1.0391184281067427
1.0396599785879432
1.0402016711066346
1.040743505685382
1.04128548234674
1.0418276011132874
1.04236986200761
1.042912265052283
1.043454810269911
1.0439974976830872
1.044540327314421
1.0450832991865264
1.0456264133220272
1.0461696697435534
1.046713068473738
1.0472566095352205
1.047800292950654
1.0483441187426985
1.0488880869340123
1.049432197547268
1.0499764506051465
1.050520846130323
1.0510653841455042
1.0516100646733804
1.0521548877366582
1.0526998533580538
1.0532449615602948
1.0537902123660978
1.0543356057981994
1.0548811418793513
1.0554268206322936
1.0559726420797917
1.0565186062446055
1.0570647131495083
1.0576109628172812
1.058157355270704
1.058703890532575
1.0592505686257032
1.0597973895728845
1.0603443533969388
1.060891460120691
1.0614387097669777
1.061986102358625
1.06253363791849
1.0630813164694195
1.0636291380342788
1.0641771026359323
1.0647252102972582
1.065273461041139
1.0658218548904688
1.0663703918681429
1.0669190719970687
1.0674678953001562
1.0680168618003307
1.068565971520523
1.069115224483669
1.0696646207127105
1.0702141602306023
1.0707638430603048
1.071313669224778
1.0718636387470073
1.0724137516499765
1.0729640079566716
1.0735144076900875
1.0740649508732365
1.0746156375291287
1.0751664676807966
1.0757174413512594
1.0762685585635559
1.076819819340741
1.0773712237058617
1.0779227716819728
1.0784744632921566
1.0790262985594867
1.0795782775070468
1.0801304001579302
1.0806826665352396
1.0812350766620882
1.0817876305615868
1.082340328256866
1.0828931697710609
1.083446155127309
1.0839992843487654
1.0845525574585773
1.0851059744799305
1.0856595354359817
1.086213240349922
1.086767089244937
1.0873210821442376
1.087875219071011
1.0884295000484951
1.0889839250999025
1.089538494248464
1.0900932075174246
1.0906480649300272
1.0912030665095385
1.0917582122792138
1.0923135022623378
1.092868936482181
1.0934245149620478
1.0939802377252223
1.0945361047950244
1.0950921161947593
1.0956482719477656
1.096204572077366
1.096761016606904
1.0973176055597236
1.0978743389591994
1.0984312168286887
1.0989882391915617
1.0995454060712164
1.1001027174910332
1.1006601734744204
1.1012177740447913
1.1017755192255552
1.102333409040148
1.1028914435120003
1.1034496226645671
1.1040079465212913
1.1045664151056414
1.1051250284410885
1.1056837865511153
1.106242689459196
1.1068017371888499
1.1073609297635723
1.1079202672068797
1.1084797495422969
1.1090393767933604
1.109599148983607
1.110159066136591
1.1107191282758764
1.111279335425029
1.1118396876076269
1.1124001848472547
1.112960827167516
1.1135216145920042
1.11408254714435
1.1146436248481641
1.1152048477270864
1.1157662158047525
1.116327729104818
1.1168893876509431
1.1174511914667915
1.118013140576052
1.118575235002404
1.1191374747695446
1.1196998599011805
1.1202623904210327
1.1208250663528196
1.1213878877202785
1.1219508545471533
1.1225139668571942
1.123077224674165
1.1236406280218332
1.124204176923991
1.124767871404415
1.1253317114869164
1.1258956971952927
1.126459828553379
1.1270241055849815
1.1275885283139564
1.128153096764143
1.1287178109594007
1.129282670923599
1.1298476766806071
1.1304128282543127
1.1309781256686129
1.1315435689474076
1.1321091581146183
1.1326748931941701
1.133240774209986
1.1338068011860247
1.1343729741462256
1.1349392931145603
1.135505758114999
1.1360723691715242
1.1366391263081312
1.1372060295488196
1.1377730789175997
1.1383402744384963
1.1389076161355456
1.139475104032783
1.1400427381542668
1.1406105185240483
1.141178445166205
1.1417465181048263
1.142314737363998
1.142883102967814
1.1434516149403948
1.1440202733058653
1.14458907808835
1.1451580293119916
1.1457271270009537
1.146296371179382
1.1468657618714582
1.1474352991013634
1.1480049828932901
1.148574813271443
1.1491447902600385
1.1497149138832896
1.1502851841654438
1.1508556011307334
1.151426164803422
1.1519968752077674
1.1525677323680432
1.1531387363085495
1.1537098870535658
1.154281184627409
1.1548526290543901
1.1554242203588403
1.1559959585650916
1.1565678436975013
1.1571398757804197
1.1577120548382174
1.1582843808952834
1.1588568539759927
1.1594294741047597
1.160002241305988
1.1605751556041028
1.1611482170235365
1.161721425588729
1.162294781324147
1.1628682842542395
1.1634419344034928
1.16401573179639
1.1645896764574246
1.1651637684111122
1.165738007681964
1.1663123942945133
1.1668869282733045
1.1674616096428796
1.1680364384278061
1.168611414652662
1.16918653834202
1.16976180952048
1.1703372282126534
1.1709127944431497
1.1714885082366022
1.1720643696176412
1.1726403786109234
1.1732165352411135
1.173792839532875
1.1743692915109
1.174945891199874
1.175522638624505
1.1760995338095124
1.1766765767796232
1.1772537675595702
1.1778311061741138
1.1784085926480106
1.1789862270060283
1.1795640092729582
1.18014193947359
1.180720017632736
1.181298243775212
1.1818766179258444
1.1824551401094745
1.1830338103509577
1.183612628675154
1.1841915951069384
1.1847707096712032
1.185349972392841
1.185929383296757
1.1865089424078787
1.1870886497511401
1.1876685053514737
1.1882485092338524
1.1888286614232222
1.1894089619445827
1.1899894108229085
1.190570008083212
1.1911507537505024
1.1917316478498101
1.1923126904061592
1.1928938814446048
1.1934752209902204
1.1940567090680625
1.1946383457032228
1.195220130920792
1.1958020647458791
1.1963841472036136
1.196966378319115
1.1975487581175295
1.198131286624015
1.198713963863739
1.1992967898618767
1.199879764643626
1.2004628882341848
1.2010461606587712
1.2016295819426093
1.2022131521109456
1.2027968711890251
1.203380739202113
1.2039647561754852
1.20454892213443
1.20513323710425
1.2057177011102516
1.2063023141777618
1.20688707633212
1.2074719875986677
1.208057048002775
1.208642257569813
1.209227616325167
1.2098131242942323
1.210398781502423
1.2109845879751593
1.2115705437378772
1.2121566488160234
1.2127429032350645
1.2133293070204618
1.2139158601977065
1.2145025627923012
1.2150894148297484
1.2156764163355687
1.2162635673353048
1.2168508678544983
1.2174383179187163
1.2180259175535224
1.2186136667845127
1.2192015656372772
1.2197896141374274
1.2203778123105937
1.2209661601823998
1.2215546577785064
1.2221433051245685
1.2227321022462627
1.2233210491692823
1.2239101459193167
1.224499392522091
1.225088789003314
1.2256783353887373
1.2262680317041172
1.2268578779752057
1.227447874227785
1.2280380204876469
1.2286283167805927
1.2292187631324425
1.2298093595690203
1.2304001061161738
1.2309910027997581
1.2315820496456389
1.232173246679699
1.2327645939278327
1.233356091415948
1.2339477391699751
1.2345395372158332
1.2351314855794793
1.2357235842868723
1.236315833363988
1.2369082328368113
1.237500782731342
1.238093483073599
1.2386863338896075
1.2392793352054032
1.23987248704705
1.2404657894406064
1.2410592424121574
1.2416528459877978
1.242246600193631
1.2428405050557834
1.2434345606003867
1.244028766853595
1.2446231238415637
1.245217631590472
1.2458122901265065
1.2464070994758663
1.2470020596647777
1.2475971707194642
1.2481924326661686
1.248787845531148
1.2493834093406826
1.249979124121048
1.2505749898985377
1.2511710066994761
1.2517671745501868
1.2523634934770038
1.2529599635062845
1.25355658466439
1.2541533569777115
1.2547502804726447
1.2553473551755905
1.2559445811129766
1.2565419583112405
1.2571394867968348
1.2577371665962218
1.2583349977358766
1.2589329802423073
1.259531114142004
1.2601293994614968
1.2607278362273175
1.2613264244660203
1.2619251642041713
1.2625240554683377
1.263123098285117
1.263722292681124
1.2643216386829679
1.2649211363172872
1.2655207856107322
1.2661205865899594
1.2667205392816634
1.2673206437125146
1.2679208999092357
1.2685213078985427
1.2691218677071692
1.269722579361867
1.2703234428893972
1.2709244583165424
1.2715256256700926
1.272126944976856
1.2727284162636616
1.2733300395573275
1.2739318148847236
1.2745337422727105
1.2751358217481645
1.275738053337988
1.276340437069086
1.2769429729683786
1.2775456610628133
1.278148501379339
1.2787514939449252
1.27935463878655
1.2799579359312265
1.2805613854059537
1.28116498723776
1.281768741453696
1.2823726480808124
1.2829767071461875
1.2835809186769023
1.2841852827000628
1.2847897992427826
1.2853944683321967
1.2859992899954507
1.2866042642597093
1.2872093911521487
1.287814670699956
1.2884201029303484
1.2890256878705413
1.289631425547771
1.290237315989297
1.2908433592223787
1.291449555274303
1.2920559041723692
1.292662405943891
1.293269060616193
1.293875868216626
1.2944828287725412
1.295089942311318
1.2956972088603447
1.296304628447028
1.296912201098785
1.2975199268430604
1.2981278057072934
1.2987358377189588
1.2993440229055333
1.2999523612945252
1.3005608529134363
1.3011694977897996
1.3017782959511601
1.3023872474250788
1.3029963522391264
1.3036056104209068
1.3042150219980047
1.3048245869980601
1.3054343054487059
1.306044177377598
1.306654202812397
1.307264381780802
1.307874714310502
1.3084852004292182
1.3090958401646828
1.309706633544645
1.3103175805968672
1.3109286813491337
1.311539935829236
1.3121513440649857
1.3127629060842134
1.3133746219147628
1.3139864915844863
1.3145985151212694
1.3152106925529978
1.3158230239075825
1.3164355092129478
1.3170481484970307
1.317660941787782
1.3182738891131847
1.3188869905012177
1.3195002459798961
1.3201136555772257
1.3207272193212554
1.3213409372400324
1.3219548093616236
1.3225688357141225
1.323183016325631
1.3237973512242527
1.3244118404381398
1.3250264839954233
1.3256412819242895
1.3262562342529138
1.3268713410094926
1.3274866022222516
1.3281020179194094
1.3287175881292321
1.3293333128799731
1.3299491921999163
1.3305652261173648
1.3311814146606318
1.3317977578580504
1.3324142557379661
1.3330309083287444
1.3336477156587678
1.3342646777564384
1.3348817946501679
1.3354990663683817
1.3361164929395428
1.3367340743921106
1.3373518107545606
1.337969702055397
1.3385877483231392
1.3392059495863138
1.3398243058734676
1.3404428172131746
1.3410614836340171
1.3416803051645927
1.3422992818335182
1.342918413669429
1.343537700700977
1.3441571429568235
1.344776740465664
1.3453964932561921
1.3460164013571312
1.346636464797218
1.3472566836052002
1.3478770578098596
1.3484975874399745
1.3491182725243474
1.349739113091818
1.3503601091712023
1.3509812607913705
1.3516025679811956
1.3522240307695628
1.3528456491853857
1.3534674232575858
1.3540893530151152
1.3547114384869243
1.3553336797019968
1.355956076689325
1.3565786294779247
1.357201338096818
1.3578242025750646
1.3584472229417197
1.359070399225874
1.3596937314566186
1.36031721966308
1.3609408638743867
1.3615646641196968
1.3621886204281797
1.3628127328290205
1.3634370013514265
1.364061426024625
1.3646860068778517
1.3653107439403689
1.3659356372414553
1.3665606868104003
1.367185892676518
1.3678112548691395
1.3684367734176148
1.3690624483513056
1.369688279699605
1.3703142674918933
1.370940411757618
1.3715667125261972
1.3721931698270873
1.3728197836897746
1.373446554143739
1.3740734812184954
1.374700564943568
1.375327805348503
1.3759552024628674
1.37658275631624
1.3772104669382186
1.3778383343584277
1.3784663586065002
1.3790945397120955
1.3797228777048764
1.3803513726145402
1.3809800244707962
1.3816088333033683
1.3822377991420056
1.3828669220164738
1.3834962019565542
1.3841256389920464
1.3847552331527677
1.3853849844685593
1.3860148929692822
1.3866449586847966
1.3872751816450104
1.3879055618798273
1.388536099419183
1.3891667942930208
1.3897976465313093
1.3904286561640302
1.3910598232212026
1.391691147732836
1.3923226297289715
1.392954269239674
1.393586066295023
1.3942180209251216
1.3948501331600716
1.3954824030300241
1.3961148305651248
1.3967474157955457
1.3973801587514822
1.3980130594631441
1.3986461179607566
1.3992793342745724
1.3999127084348606
1.4005462404719047
1.4011799304160026
1.4018137782974964
1.4024477841467076
1.4030819479940144
1.403716269869793
1.4043507498044356
1.4049853878283782
1.4056201839720408
1.4062551382658925
1.406890250740408
1.4075255214260805
1.4081609503534245
1.408796537552978
1.4094322830552934
1.4100681868909382
1.41070424909051
1.4113404696846181
1.411976848703894
1.4126133861789807
1.4132500821405591
1.4138869366193076
1.4145239496459399
1.4151611212511805
1.415798451465778
1.416435940320497
1.4170735878461225
1.417711394073463
1.41834935903334
1.4189874827566016
1.41962576527411
1.4202642066167372
1.4209028068154068
1.4215415659010282
1.4221804839045442
1.42281956085692
1.4234587967891386
1.4240981917322022
1.4247377457171273
1.4253774587749555
1.4260173309367459
1.4266573622335876
1.4272975526965712
1.4279379023568182
1.4285784112454736
1.4292190793936972
1.429859906832661
1.4305008935935732
1.431142039707649
1.4317833452061282
1.4324248101202741
1.4330664344813657
1.43370821832069
1.434350161669588
1.4349922645593842
1.4356345270214415
1.436276949087143
1.4369195307878844
1.4375622721550891
1.4382051732202001
1.4388482340146727
1.439491454569997
1.440134834917663
1.440778375089191
1.441422075116137
1.4420659350300478
1.4427099548625173
1.4433541346451455
1.4439984744095469
1.4446429741873745
1.445287634010286
1.445932453909969
1.4465774339181277
1.4472225740664892
1.4478678743868005
1.4485133349108208
1.4491589556703457
1.449804736697174
1.4504506780231368
1.4510967796800853
1.451743041699888
1.4523894641144344
1.453036046955632
1.4536827902554164
1.4543296940457386
1.4549767583585673
1.4556239832259015
1.4562713686797508
1.456918914752154
1.457566621475162
1.4582144888808588
1.4588625170013358
1.4595107058687167
1.4601590555151338
1.4608075659727502
1.4614562372737514
1.462105069450335
1.4627540625347268
1.4634032165591637
1.46405253155592
1.4647020075572788
1.4653516445955452
1.4660014427030543
1.4666514019121508
1.4673015222552006
1.467951803764604
1.4686022464727648
1.4692528504121276
1.4699036156151426
1.4705545421142856
1.4712056299420542
1.4718568791309712
1.4725082897135755
1.4731598617224284
1.4738115951901127
1.4744634901492317
1.4751155466324164
1.4757677646723073
1.476420144301579
1.4770726855529213
1.4777253884590387
1.478378253052673
1.4790312793665745
1.4796844674335237
1.4803378172863102
1.4809913289577608
1.4816450024807173
1.4822988378880366
1.4829528352126087
1.4836069944873305
1.4842613157451416
1.4849157990189872
1.485570444341829
1.4862252517466736
1.486880221266526
1.4875353529344326
1.4881906467834365
1.4888461028466295
1.489501721157114
1.4901575017480062
1.490813444652456
1.4914695499036381
1.4921258175347236
1.4927822475789412
1.4934388400695182
1.4940955950397097
1.4947525125227916
1.495409592552066
1.4960668351608575
1.4967242403825018
1.4973818082503672
1.4980395387978496
1.498697432058354
1.4993554880653108
1.5000137068521742
1.5006720884524223
1.5013306328995497
1.5019893402270867
1.5026482104685717
1.5033072436575705
1.5039664398276718
1.5046257990124832
1.5052853212456405
1.5059450065607978
1.5066048549916318
1.5072648665718462
1.5079250413351586
1.5085853793153203
1.5092458805460904
1.5099065450612665
1.5105673728946516
1.5112283640800919
1.511889518651436
1.5125508366425702
1.5132123180873942
1.5138739630198317
1.5145357714738354
1.5151977434833743
1.5158598790824396
1.5165221783050504
1.5171846411852399
1.517847267757079
1.518510058054644
1.5191730121120468
1.5198361299634178
1.5204994116428987
1.521162857184682
1.5218264666229595
1.5224902399919502
1.5231541773259
1.5238182786590826
1.5244825440257752
1.5251469734603036
1.5258115669969983
1.5264763246702155
1.5271412465143444
1.5278063325637903
1.5284715828529818
1.5291369974163693
1.5298025762884202
1.5304683195036435
1.5311342270965587
1.5318002991017055
1.5324665355536555
1.5331329364869994
1.5337995019363484
1.5344662319363418
1.535133126521644
1.5358001857269328
1.53646740958692
1.5371347981363375
1.5378023514099337
1.5384700694424913
1.539137952268811
1.5398059999237181
1.5404742124420565
1.5411425898586986
1.5418111322085428
1.5424798395265087
1.5431487118475353
1.5438177492065897
1.5444869516386532
1.545156319178752
1.545825851861914
1.546495549723199
1.5471654127976973
1.5478354411205193
1.5485056347267825
1.5491759936516538
1.5498465179303067
1.5505172075979468
1.5511880626897956
1.5518590832411108
1.5525302692871572
1.553201620863244
1.5538731380046893
1.5545448207468304
1.5552166691250477
1.555888683174729
1.5565608629312955
1.557233208430191
1.5579057197068722
1.5585783967968314
1.5592512397355953
1.5599242485586835
1.5605974233016735
1.5612707640001393
1.5619442706896973
1.5626179434059835
1.5632917821846488
1.5639657870613868
1.564639958071896
1.5653142952519143
1.5659887986371905
1.566663468263506
1.5673383041666684
1.5680133063825048
1.5686884749468737
1.5693638098956328
1.5700393112647115
1.5707149790900174
1.5713908134075036
1.5720668142531484
1.5727429816629448
1.573419315672928
1.5740958163191374
1.5747724836376495
1.5754493176645576
1.5761263184359877
1.5768034859880882
1.577480820357029
1.578158321579004
1.5788359896902346
1.579513824726968
1.5801918267254715
1.580869995722045
1.5815483317529992
1.5822268348546842
1.582905505063471
1.5835843424157543
1.5842633469479412
1.584942518696489
1.5856218576978602
1.5863013639885502
1.58698103760507
1.5876608785839756
1.5883408869618216
1.5890210627752088
1.589701406060753
1.5903819168551043
1.5910625951949182
1.5917434411168996
1.5924244546577602
1.593105635854243
1.593786984743125
1.5944685013611843
1.595150185745256
1.5958320379321704
1.5965140579588093
1.597196245862062
1.5978786016788424
1.598561125446106
1.5992438172008117
1.599926676979965
1.6006097048205765
1.6012929007597037
1.601976264834412
1.6026597970818002
1.6033434975389929
1.6040273662431286
1.604711403231392
1.605395608540974
1.6060799822091028
1.6067645242730275
1.6074492347700173
1.6081341137373875
1.6088191612124505
1.6095043772325626
1.6101897618351098
1.6108753150574795
1.6115610369371132
1.6122469275114575
1.612932986818
1.6136192148942423
1.6143056117777201
1.6149921775059823
1.615678912116624
1.616365815647247
1.6170528881354855
1.6177401296190028
1.6184275401354897
1.6191151197226499
1.619802868418229
1.620490786259984
1.6211788732857126
1.6218671295332312
1.6225555550403723
1.6232441498450214
1.6239329139850525
1.6246218474984027
1.6253109504230066
1.6260002227968469
1.6266896646579119
1.6273792760442376
1.6280690569938643
1.6287590075448817
1.6294491277353795
1.6301394176034962
1.6308298771873795
1.6315205065252185
1.6322113056552254
1.6329022746156252
1.6335934134446806
1.6342847221806787
1.6349762008619422
1.635667849526796
1.6363596682136197
1.6370516569608005
1.6377438158067585
1.6384361447899363
1.639128643948814
1.6398213133218824
1.6405141529476719
1.6412071628647238
1.6419003431116355
1.6425936937269923
1.6432872147494417
1.643980906217625
1.644674768170247
1.6453688006460023
1.6460630036836366
1.6467573773219155
1.6474519215996277
1.6481466365555957
1.648841522228658
1.6495365786576879
1.650231805881592
1.650927203939283
1.6516227728697273
1.6523185127118967
1.6530144235047965
1.6537105052874614
1.6544067580989514
1.6551031819783533
1.6557997769647776
1.6564965430973742
1.6571934804153017
1.657890588957761
1.6585878687639724
1.6592853198731854
1.659982942324673
1.66068073615774
1.6613787014117203
1.6620768381259732
1.6627751463398734
1.6634736260928438
1.6641722774243153
1.6648711003737613
1.6655700949806682
1.6662692612845658
1.6669685993249963
1.6676681091415273
1.668367790773781
1.6690676442613774
1.6697676696439707
1.6704678669612558
1.6711682362529354
1.671868777558756
1.6725694909184796
1.6732703763719041
1.6739714339588538
1.6746726637191762
1.6753740656927527
1.6760756399194823
1.6767773864392999
1.6774793052921684
1.6781813965180739
1.6788836601570314
1.6795860962490814
1.6802887048342976
1.6809914859527884
1.6816944396446594
1.6823975659500832
1.6831008649092367
1.6838043365623243
1.6845079809495813
1.685211798111285
1.6859157880877202
1.6866199509192081
1.6873242866461018
1.6880287953087703
1.6887334769476317
1.6894383316031054
1.6901433593156578
1.690848560125776
1.6915539340739802
1.6922594812008105
1.692965201546844
1.6936710951526808
1.6943771620589427
1.695083402306297
1.6957898159354243
1.6964964029870375
1.6972031635018765
1.6979100975207182
1.6986172050843538
1.6993244862336088
1.700031941009341
1.7007395694524374
1.7014473716038014
1.7021553475043711
1.7028634971951178
1.7035718207170432
1.7042803181111594
1.7049889894185362
1.705697834680238
1.7064068539373838
1.7071160472311073
1.7078254146025766
1.7085349560929861
1.7092446717435643
1.7099545615955571
1.710664625690247
1.7113748640689457
1.7120852767729888
1.7127958638437426
1.7135066253226046
1.7142175612509951
1.7149286716703693
1.7156399566222085
1.7163514161480264
1.7170630502893522
1.7177748590877622
1.718486842584844
1.7191990008222273
1.7199113338415721
1.7206238416845485
1.7213365243928762
1.7220493820083025
1.72276241457258
1.7234756221275223
1.7241890047149433
1.7249025623767034
1.7256162951546965
1.726330203090828
1.727044286227045
1.727758544605319
1.728472978267645
1.7291875872560631
1.729902371612628
1.7306173313794293
1.7313324665985794
1.7320477773122398
1.732763263562569
1.73347892539178
1.734194762842113
1.7349107759558255
1.7356269647752103
1.7363433293425952
1.7370598697003203
1.737776585890782
1.7384934779563774
1.7392105459395524
1.7399277898827774
1.7406452098285452
1.7413628058193897
1.7420805778978665
1.7427985261065573
1.7435166504880866
1.7442349510850963
1.7449534279402625
1.7456720810962894
1.74639091059591
1.747109916481888
1.7478290987970222
1.748548457584132
1.7492679928860713
1.7499877047457226
1.7507075932059961
1.7514276583098407
1.7521479001002165
1.7528683186201377
1.753588913912627
1.7543096860207494
1.7550306349875906
1.7557517608562794
1.756473063669959
1.7571945434718155
1.7579162003050535
1.7586380342129184
1.7593600452386728
1.7600822334256252
1.7608045988171046
1.7615271414564646
1.7622498613871025
1.7629727586524382
1.7636958332959094
1.7644190853610155
1.7651425148912516
1.7658661219301681
1.7665899065213244
1.7673138687083316
1.768038008534815
1.7687623260444352
1.7694868212808867
1.7702114942878895
1.770936345109199
1.7716613737885851
1.7723865803698764
1.7731119648969076
1.7738375274135407
1.7745632679636973
1.7752891865913027
1.776015283340319
1.7767415582547452
1.7774680113786006
1.7781946427559467
