0.0
0.0
0.0
0.0
2.4565495934046784e-18
1.596928660586828e-17
5.896951156231104e-17
1.634105380121452e-16
3.7845955842221816e-16
7.74190765054855e-16
1.4452794649845772e-15
2.514696928171865e-15
4.137405707305466e-15
6.504055167946772e-15
9.844676967359734e-15
1.443238022028951e-14
2.058704608986032e-14
2.867902154169908e-14
3.913281199935623e-14
5.243077263909431e-14
6.911679806212318e-14
8.980001008243146e-14
1.151584433684325e-13
1.4594272867674617e-13
1.8297977341658826e-13
2.271764392834075e-13
2.7952321670058167e-13
3.410978958082373e-13
4.1306923373848875e-13
4.967006179166883e-13
5.933537251285657e-13
7.04492176093527e-13
8.316851852846473e-13
9.766112057364233e-13
1.1410615685816414e-12
1.326944117059258e-12
1.536286834735662e-12
1.771241467682114e-12
2.034087140351809e-12
2.3272339649004743e-12
2.6532266436952008e-12
3.0147480647562675e-12
3.414622889878437e-12
3.855821135177429e-12
4.341461743809591e-12
4.874816150611764e-12
5.459311838411145e-12
6.0985358857533084e-12
6.796238505799924e-12
7.55633657614634e-12
8.382917159311459e-12
9.280241013652877e-12
1.0252746094460642e-11
1.1305051044984651e-11
1.2441958677151511e-11
1.3668459441727209e-11
1.4989734887683833e-11
1.6411161110528125e-11
1.7938312189353555e-11
1.9576963612373824e-11
2.1333095690704208e-11
2.3212896960148802e-11
2.5222767570763178e-11
2.7369322663953768e-11
2.9659395736883655e-11
3.210004199395117e-11
3.469854168511196e-11
3.7462403430813864e-11
4.0399367533317585e-11
4.351740927417473e-11
4.682474219764278e-11
5.032982137980255e-11
5.4041346683170726e-11
5.796826599657248e-11
6.211977846006037e-11
6.650533767466496e-11
7.113465489675123e-11
7.601770221677694e-11
8.116471572222652e-11
8.658619864452317e-11
9.22929244896923e-11
9.829594015258531e-11
1.0460656901443742e-10
1.1123641402357177e-10
1.1819736075903405e-10
1.255015804769588e-10
1.3316153313946917e-10
1.4118997042590524e-10
1.495999387262008e-10
1.5840478211617576e-10
1.6761814531460142e-10
1.7725397662181038e-10
1.8732653083966296e-10
1.9785037217270459e-10
2.0884037711030736e-10
2.2031173728961853e-10
2.322799623391346e-10
2.4476088270271327e-10
2.577706524438598e-10
2.7132575203009693e-10
2.854429910972378e-10
3.0013951119341953e-10
3.154327885026894e-10
3.3134063654799743e-10
3.4788120887342545e-10
3.6507300170547937e-10
3.829348565932944e-10
4.014859630275818e-10
4.2074586103815017e-10
4.407344437698887e-10
4.6147196003699235e-10
4.829790168553227e-10
5.052765819527516e-10
5.283859862573102e-10
5.523289263630269e-10
5.771274669733071e-10
6.028040433216812e-10
6.29381463569832e-10
6.568829111827152e-10
6.853319472806887e-10
7.147525129684499e-10
7.451689316407133e-10
7.766059112644749e-10
8.090885466377494e-10
8.426423216245828e-10
8.77293111366374e-10
9.130671844692027e-10
9.49991205167193e-10
9.880922354617138e-10
1.0273977372363276e-09
1.0679355743473528e-09
1.1097340146900565e-09
1.1528217322401174e-09
1.1972278090705244e-09
1.242981737343654e-09
1.2901134212784392e-09
1.3386531790926307e-09
1.3886317449198994e-09
1.4400802707018024e-09
1.4930303280545469e-09
1.5475139101103182e-09
1.6035634333332425e-09
1.6612117393098088e-09
1.7204920965136843e-09
1.781438202044939e-09
1.8440841833433339e-09
1.9084645998760185e-09
1.974614444799196e-09
2.0425691465937873e-09
2.1123645706751823e-09
2.18403702097681e-09
2.257623241507631e-09
2.3331604178832064e-09
2.4106861788308224e-09
2.4902385976679833e-09
2.5718561937545865e-09
2.6555779339188953e-09
2.741443233856616e-09
2.829491959503799e-09
2.919764428382987e-09
3.01230141092279e-09
3.1071441317507936e-09
3.2043342709598244e-09
3.3039139653473697e-09
3.405925809628401e-09
3.510412857621191e-09
3.617418623406603e-09
3.726987082460163e-09
3.839162672757774e-09
3.953990295853794e-09
4.07151531793314e-09
4.191783570835613e-09
4.314841353053822e-09
4.4407354307038945e-09
4.5695130384694265e-09
4.701221880518245e-09
4.8359101313923626e-09
4.973626436870801e-09
5.114419914805741e-09
5.258340155931263e-09
5.405437224645491e-09
5.555761659765501e-09
5.7093644752554516e-09
5.866297160927701e-09
6.02661168311695e-09
6.1903604853275475e-09
6.35759648885369e-09
6.528373093373084e-09
6.70274417751336e-09
6.880764099391857e-09
7.0624876971286234e-09
7.2479702893324235e-09
7.437267675560134e-09
7.630436136749383e-09
7.82753243562452e-09
8.028613817075615e-09
8.233738008511644e-09
8.442963220185817e-09
8.656348145495466e-09
8.873951961255237e-09
9.095834327942923e-09
9.322055389920358e-09
9.552675775626674e-09
9.78775659774567e-09
1.0027359453347445e-08
1.0271546424002742e-08
1.0520380075872524e-08
1.0773923459769823e-08
1.1032240111197062e-08
1.1295394050356687e-08
1.156344978213566e-08
1.1836472296064911e-08
1.211452706625216e-08
1.2397680051289647e-08
1.2685997694135848e-08
1.297954692197212e-08
1.3278395146033293e-08
1.358261026141307e-08
1.3892260646844353e-08
1.4207415164454101e-08
1.4528143159492905e-08
1.4854514460039603e-08
1.5186599376681296e-08
1.5524468702167775e-08
1.5868193711041284e-08
1.621784615924213e-08
1.6573498283689253e-08
1.6935222801835445e-08
1.7303092911199983e-08
1.7677182288875596e-08
1.8057565091011045e-08
1.8444315952269648e-08
1.8837509985265143e-08
1.9237222779971857e-08
1.9643530403111714e-08
2.0056509397517143e-08
2.0476236781471654e-08
2.0902790048024744e-08
2.1336247164285596e-08
2.17766865706918e-08
2.2224187180255637e-08
2.267882837778753e-08
2.3140690019096006e-08
2.3609852430164438e-08
2.4086396406307033e-08
2.457040321129923e-08
2.5061954576488108e-08
2.556113269987976e-08
2.606802024520295e-08
2.6582700340953615e-08
2.7105256579414336e-08
2.76357730156537e-08
2.817433416650368e-08
2.8721025009515026e-08
2.927593098189162e-08
2.983913797940273e-08
3.0410732355275516e-08
3.099080091906477e-08
3.157943093550253e-08
3.217671012332725e-08
3.278272665409174e-08
3.339756915095028e-08
3.402132668742701e-08
3.4654088786161224e-08
3.5295945417635504e-08
3.594698699888147e-08
3.6607304392167886e-08
3.727698890366774e-08
3.795613228210548e-08
3.864482671738552e-08
3.934316483920224e-08
4.005123971562873e-08
4.076914485169e-08
4.1496974187912085e-08
4.2234822098859297e-08
4.298278339164693e-08
4.374095330443853e-08
4.4509427504925577e-08
4.5288302088786713e-08
4.607767357813168e-08
4.687763891992474e-08
4.768829548439339e-08
4.8509741063418286e-08
4.9342073868904535e-08
5.018539253113879e-08
5.103979609712675e-08
5.1905384028916154e-08
5.278225620190012e-08
5.3670512903108105e-08
5.4570254829476e-08
5.5481583086103734e-08
5.6404599184495246e-08
5.733940504078245e-08
5.828610297393377e-08
5.924479570394842e-08
6.021558635003273e-08
6.119857842876323e-08
6.219387585223487e-08
6.320158292619338e-08
6.422180434815143e-08
6.525464520549617e-08
6.630021097357432e-08
6.735860751376858e-08
6.842994107155942e-08
6.951431827457023e-08
7.06118461306024e-08
7.17226320256521e-08
7.284678372192079e-08
7.398440935580507e-08
7.513561743587763e-08
7.630051684085464e-08
7.747921681755073e-08
7.867182697881904e-08
7.98784573014833e-08
8.109921812425342e-08
8.233422014563113e-08
8.35835744218042e-08
8.484739236452576e-08
8.61257857389888e-08
8.74188666616804e-08
8.872674759823229e-08
9.004954136125592e-08
9.138736110816883e-08
9.274032033901036e-08
9.410853289424447e-08
9.549211295255494e-08
9.689117502862906e-08
9.830583397093204e-08
9.973620495946987e-08
1.0118240350354476e-07
1.0264454543949993e-07
1.0412274692845427e-07
1.0561712445402964e-07
1.0712779482006723e-07
1.0865487514833635e-07
1.1019848287623527e-07
1.117587357544802e-07
1.1333575184479052e-07
1.1492964951756146e-07
1.1654054744953233e-07
1.1816856462144476e-07
1.1981382031569315e-07
1.214764341139701e-07
1.2315652589490052e-07
1.2485421583167116e-07
1.2656962438965619e-07
1.2830287232402694e-07
1.300540806773626e-07
1.318233707772539e-07
1.3361086423389748e-07
1.3541668293768415e-07
1.3724094905678374e-07
1.390837850347227e-07
1.4094531358795317e-07
1.428256577034239e-07
1.4472494063613706e-07
1.4664328590670584e-07
1.4858081729890225e-07
1.5053765885720822e-07
1.5251393488435034e-07
1.5450976993883955e-07
1.5652528883250164e-07
1.5856061662800706e-07
1.6061587863639054e-07
1.6269120041457307e-07
1.6478670776287768e-07
1.6690252672254006e-07
1.6903878357321765e-07
1.7119560483049607e-07
1.7337311724338857e-07
1.755714477918365e-07
1.7779072368420554e-07
1.8003107235477872e-07
1.8229262146124743e-07
1.8457549888219871e-07
1.8687983271460182e-07
1.8920575127129378e-07
1.9155338307845898e-07
1.9392285687311025e-07
1.963143016005678e-07
1.987278464119366e-07
2.0116362066157928e-07
2.0362175390459434e-07
2.061023758942862e-07
2.086056165796398e-07
2.1113160610278984e-07
2.1368047479649382e-07
2.1625235318160244e-07
2.1884737196452655e-07
2.2146566203471114e-07
2.2410735446210126e-07
2.2677258049461523e-07
2.2946147155561156e-07
2.3217415924136171e-07
2.3491077531851801e-07
2.3767145172158862e-07
2.4045632055040695e-07
2.4326551406760494e-07
2.46099164696089e-07
2.489574050165123e-07
2.5184036776475436e-07
2.5474818582939514e-07
2.5768099224919917e-07
2.606389202105923e-07
2.636221030451478e-07
2.666306742270681e-07
2.696647673706753e-07
2.7272451622789775e-07
2.7581005468576244e-07
2.789215167638889e-07
2.8205903661198403e-07
2.852227485073467e-07
2.8841278685236123e-07
2.916292861720102e-07
2.9487238111137605e-07
2.9814220643316016e-07
3.014388970151873e-07
3.047625878479328e-07
3.081134140320389e-07
3.1149151077584106e-07
3.148970133928967e-07
3.1833005729952e-07
3.217907780123154e-07
3.2527931114572005e-07
3.2879579240955114e-07
3.323403576065507e-07
3.3591314262994657e-07
3.395142834610026e-07
3.4314391616658857e-07
3.4680217689674607e-07
3.504892018822589e-07
3.5420512743223646e-07
3.57950089931692e-07
3.6172422583913406e-07
3.6552767168415623e-07
3.6936056406503996e-07
3.732230396463591e-07
3.771152351565863e-07
3.8103728738571237e-07
3.8498933318286777e-07
3.889715094539484e-07
3.929839531592508e-07
3.970268013111093e-07
4.011001909715481e-07
4.052042592499266e-07
4.093391433006007e-07
4.135049803205905e-07
4.177019075472473e-07
4.2193006225593766e-07
4.261895817577214e-07
4.3048060339705177e-07
4.348032645494681e-07
4.391577026193039e-07
4.4354405503740027e-07
4.4796245925882825e-07
4.5241305276061125e-07
4.568959730394643e-07
4.6141135760953417e-07
4.659593440001527e-07
4.7054006975359035e-07
4.7515367242282116e-07
4.798002895693006e-07
4.844800587607418e-07
4.891931175689062e-07
4.939396035673983e-07
4.987196543294725e-07
5.035334074258495e-07
5.083810004225282e-07
5.132625708786222e-07
5.181782563441964e-07
5.231281943581122e-07
5.281125224458794e-07
5.331313781175321e-07
5.381848988654799e-07
5.432732221624064e-07
5.483964854591503e-07
5.535548261826023e-07
5.587483817336199e-07
5.639772894849337e-07
5.692416867790816e-07
5.745417109263328e-07
5.798774992026404e-07
5.852491888475909e-07
5.906569170623598e-07
5.961008210076922e-07
6.015810378018743e-07
6.070977045187294e-07
6.126509581856161e-07
6.182409357814311e-07
6.238677742346359e-07
6.295316104212779e-07
6.352325811630269e-07
6.409708232252365e-07
6.467464733149783e-07
6.525596680791274e-07
6.584105441024306e-07
6.642992379055924e-07
6.702258859433782e-07
6.761906246027094e-07
6.821935902007913e-07
