0.0
0.0
0.0
0.0
0.0
3.070653483329374e-26
2.3031976896228567e-25
9.674255931140328e-25
3.0100139145102123e-24
7.740641078388055e-24
1.741775110087014e-23
3.5483167132375806e-23
6.691576130703299e-23
1.1863130786730059e-22
1.999285211846098e-22
3.229812770266258e-22
5.0337701215009395e-22
7.607012940255075e-22
1.119168549226381e-21
1.6082989357420936e-21
2.263641341199502e-21
3.1275424857049435e-21
4.249962104745613e-21
5.689334184317607e-21
7.513474217177575e-21
9.800532445846552e-21
1.2639993054728283e-20
1.6133719270440442e-20
2.0397044326196263e-20
2.55599082428164e-20
3.1768040375696764e-20
3.918418767380765e-20
4.798938859355415e-20
5.838429260708581e-20
7.0590525241408e-20
8.485209858141605e-20
1.0143686716674831e-19
1.2063802920913552e-19
1.427756730537103e-19
1.6819836880453569e-19
1.9728480503141174e-19
2.304454704718306e-19
2.6812438063876113e-19
3.108008492417777e-19
3.589913043258699e-19
4.1325114902912527e-19
4.74176666857312e-19
5.424069713702693e-19
6.186260001718612e-19
7.035645530921512e-19
7.980023744473337e-19
9.027702792598613e-19
1.0187523233181307e-18
1.146888016952e-18
1.288174582397358e-18
1.443669254619914e-18
1.6144916254653322e-18
1.801826030999814e-18
2.0069239819022207e-18
2.2311066367658304e-18
2.4757673181648173e-18
2.742374071337624e-18
3.032472265336361e-18
3.3476872364885148e-18
3.689726974014237e-18
4.060384847639647e-18
4.461542377043605e-18
4.895172042972645e-18
5.363340139855769e-18
5.86820966974804e-18
6.412043277429047e-18
6.99720622647955e-18
7.6261694161567e-18
8.301512438885609e-18
9.025926678182194e-18
9.802218446819412e-18
1.0633312165046485e-17
1.1522253578667757e-17
1.247221301678539e-17
1.3486488689007172e-17
1.4568510021918354e-17
1.572184103461352e-17
1.6950183753082207e-17
1.8257381663238977e-17
1.9647423202386587e-17
2.1124445288897922e-17
2.2692736889900065e-17
2.4356742626741374e-17
2.6121066418019766e-17
2.799047515994831e-17
2.996990244383126e-17
3.2064452310421856e-17
3.4279403040930424e-17
3.662021098444888e-17
3.909251442155584e-17
4.170213746386368e-17
4.4455093989267104e-17
4.735759161264996e-17
5.041603569180527e-17
5.363703336832097e-17
5.702739764318172e-17
6.059415148683486e-17
6.434453198346652e-17
6.828599450923203e-17
7.242621694418192e-17
7.677310391762361e-17
8.133479108665622e-17
8.611964944761422e-17
9.113628968015342e-17
9.639356652371086e-17
1.0190058318606863e-16
1.0766669578374888e-16
1.1370151781396607e-16
1.200149246578608e-16
1.2661705811473644e-16
1.3351833096701997e-16
1.4072943157566466e-16
1.4826132850571172e-16
1.561252751817259e-16
1.6433281457281835e-16
1.728957839069682e-16
1.81826319414353e-16
1.911368610993961e-16
2.0084015754123787e-16
2.109492707223361e-16
2.2147758088489838e-16
2.3243879141484975e-16
2.438469337530348e-16
2.55716372333355e-16
2.6806180954753703e-16
2.8089829073622973e-16
2.9424120920612475e-16
3.0810631127279297e-16
3.225097013289305e-16
3.3746784693770466e-16
3.5299758395088866e-16
3.69116121651475e-16
3.8584104792045387e-16
4.0319033442744287e-16
4.211823418448523e-16
4.3983582508527135e-16
4.59169938561756e-16
4.792042414707018e-16
4.999587030969804e-16
5.214537081410216e-16
5.437100620675185e-16
5.667489964754315e-16
5.905921744889722e-16
6.152616961692386e-16
6.407801039461793e-16
6.671703880705596e-16
6.9445599208560405e-16
7.226608183179876e-16
7.518092333878446e-16
7.819260737374722e-16
8.130366511783933e-16
8.451667584564516e-16
8.783426748346078e-16
9.125911716931039e-16
9.479395181466656e-16
9.844154866784092e-16
1.0220473587901193e-15
1.060863930668565e-15
1.1008945188675208e-15
1.1421689660051549e-15
1.184717646476455e-15
1.2285714721803505e-15
1.2737618982612002e-15
1.3203209288643093e-15
1.3682811229051357e-15
1.4176755998518525e-15
1.4685380455209312e-15
1.5209027178854043e-15
1.5748044528954744e-15
1.6302786703111303e-15
1.687361379546435e-15
1.7460891855251454e-15
1.806499294547328e-15
1.8686295201666345e-15
1.932518289077895e-15
1.9982046470147e-15
2.0657282646566215e-15
2.135129443545751e-15
2.206449122012197e-15
2.2797288811082355e-15
2.355010950550737e-15
2.432338214671572e-15
2.5117542183756284e-15
2.593303173106124e-15
2.6770299628168673e-15
2.7629801499511397e-15
2.851199981426852e-15
2.941736394627652e-15
3.0346370233996395e-15
3.1299502040533597e-15
3.2277249813707415e-15
3.328011114616641e-15
3.4308590835546673e-15
3.5363200944669456e-15
3.644446086177498e-15
3.755289736078903e-15
3.8689044661619055e-15
3.985344449047645e-15
4.104664614022174e-15
4.22692065307294e-15
4.352169026926899e-15
4.480466971089934e-15
4.611872501887251e-15
4.746444422504429e-15
4.88424232902879e-15
5.0253266164907915e-15
5.169758484905065e-15
5.3175999453108414e-15
5.4689138258113924e-15
5.6237637776121825e-15
5.782214281057427e-15
5.9443306516647055e-15
6.110179046157348e-15
6.279826468494233e-15
6.453340775896735e-15
6.63079068487245e-15
6.812245777235426e-15
6.9977765061225685e-15
7.187454202005903e-15
7.381351078700404e-15
7.579540239367056e-15
7.78209568251084e-15
7.989092307973377e-15
8.200605922919862e-15
8.416713247820016e-15
8.637491922422766e-15
8.863020511724319e-15
9.093378511929322e-15
9.328646356404866e-15
9.568905421626969e-15
9.81423803311928e-15
1.0064727471383674e-14
1.032045797782249e-14
1.0581514760652062e-14
1.084798400080731e-14
1.1119952857837044e-14
1.1397509475789724e-14
1.1680742989089393e-14
1.1969743528401469e-14
1.2264602226488122e-14
1.2565411224052986e-14
1.2872263675574846e-14
1.3185253755130102e-14
1.3504476662203703e-14
1.3830028627488212e-14
1.416200691867085e-14
1.4500509846208112e-14
1.4845636769087795e-14
1.5197488100578082e-14
1.5556165313963442e-14
1.592177094826711e-14
1.629440861395984e-14
1.6674182998654668e-14
1.706119987278743e-14
1.7455566095282816e-14
1.78573896192056e-14
1.8266779497396888e-14
1.8683845888095067e-14
1.910870006054126e-14
1.954145440056894e-14
1.998222241617756e-14
2.0431118743089828e-14
2.0888259150292528e-14
2.135376054556052e-14
2.1827740980963726e-14
2.2310319658356832e-14
2.280161693485153e-14
2.3301754328270953e-14
2.3810854522586204e-14
2.4329041373334587e-14
2.4856439913019478e-14
2.5393176356491455e-14
2.5939378106310533e-14
2.6495173758089305e-14
2.7060693105816664e-14
2.7636067147161977e-14
2.822142808875946e-14
2.881690935147251e-14
2.942264557563782e-14
3.003877262628898e-14
3.0665427598359516e-14
3.1302748821864946e-14
3.1950875867063803e-14
3.2609949549597293e-14
3.3280111935607566e-14
3.39615063468342e-14
3.465427736568869e-14
3.535857084030711e-14
3.60745338895801e-14
3.680231490816064e-14
3.754206357144902e-14
3.829393084055491e-14
3.905806896723638e-14
3.983463149881562e-14
4.062377328307132e-14
4.142565047310728e-14
4.224042053219728e-14
4.306824223860594e-14
4.3909275690385464e-14
4.4763682310147944e-14
4.563162484981321e-14
4.651326739533199e-14
4.740877537138419e-14
4.831831554605216e-14
4.92420560354688e-14
5.0180166308440287e-14
5.113281719104325e-14
5.210018087119638e-14
5.3082430903206114e-14
5.407974221228641e-14
5.509229109905234e-14
5.6120255243987436e-14
5.716381371188457e-14
5.822314695626034e-14
5.929843682374258e-14
6.038986655843125e-14
6.149762080623203e-14
6.262188561916304e-14
6.376284845963411e-14
6.492069820469882e-14
6.609562515027875e-14
6.728782101536031e-14
6.849747894616373e-14
6.972479352028393e-14
7.096996075080361e-14
7.223317809037807e-14
7.351464443529175e-14
7.481456012948634e-14
7.613312696856046e-14
7.74705482037407e-14
7.88270285458238e-14
8.020277416909031e-14
8.15979927151889e-14
8.30128932969919e-14
8.444768650242158e-14
8.59025843982473e-14
8.737780053385305e-14
8.887354994497591e-14
9.039004915741467e-14
9.192751619070895e-14
9.348617056178859e-14
9.506623328859326e-14
9.666792689366216e-14
9.829147540769371e-14
9.993710437307525e-14
1.0160504084738251e-13
1.0329551340684911e-13
1.0500875214980548e-13
1.0674498870008752e-13
1.08504456210415e-13
1.102873893657392e-13
1.1209402438656021e-13
1.1392459903221346e-13
1.1577935260412564e-13
1.1765852594903976e-13
1.1956236146220965e-13
1.2149110309056323e-13
1.2344499633583521e-13
1.2542428825766855e-13
1.2742922747668498e-13
1.2946006417752463e-13
1.3151705011185423e-13
1.3360043860134447e-13
1.3571048454061567e-13
1.3784744440015273e-13
1.4001157622918862e-13
1.4220313965855634e-13
1.4442239590350967e-13
1.4666960776651266e-13
1.4894503963999748e-13
1.512489575090908e-13
1.535816289543091e-13
1.5594332315422168e-13
1.5833431088808296e-13
1.607548645384328e-13
1.6320525809366523e-13
1.6568576715056581e-13
1.6819666891681712e-13
1.7073824221347277e-13
1.7331076747739983e-13
1.7591452676368944e-13
1.7854980374803598e-13
1.8121688372908425e-13
1.8391605363074537e-13
1.8664760200448069e-13
1.8941181903155421e-13
1.922089965252533e-13
1.9503942793307756e-13
1.9790340833889617e-13
2.0080123446507377e-13
2.0373320467456418e-13
2.0669961897297296e-13
2.0970077901058792e-13
2.127369880843783e-13
2.1580855113996228e-13
2.1891577477354277e-13
2.2205896723381164e-13
2.252384384238223e-13
2.2845449990283124e-13
2.3170746488810726e-13
2.3499764825670976e-13
2.3832536654723545e-13
2.416909379615332e-13
2.450946823663883e-13
2.485369212951747e-13
2.5201797794947566e-13
2.555381772006737e-13
2.5909784559150917e-13
2.6269731133760706e-13
2.663369043289732e-13
2.700169561314585e-13
2.737377999881934e-13
2.774997708209894e-13
2.81303205231711e-13
2.8514844150361617e-13
2.890358196026657e-13
2.929656811788016e-13
2.969383695671949e-13
3.009542297894625e-13
3.0501360855485345e-13
3.0911685426140384e-13
3.132643169970619e-13
3.174563485407823e-13
3.2169330236358934e-13
3.2597553362960994e-13
3.303033991970771e-13
3.346772576193013e-13
3.3909746914561316e-13
3.435643957222748e-13
3.4807840099336193e-13
3.5263985030161504e-13
3.572491106892608e-13
3.61906550898804e-13
3.6661254137378904e-13
3.713674542595315e-13
3.7617166340382043e-13
3.81025544357591e-13
3.8592947437556694e-13
3.9088383241687395e-13
3.9588899914562383e-13
4.009453569314683e-13
4.060532898501253e-13
4.1121318368387413e-13
4.1642542592202255e-13
4.216904057613451e-13
4.270085141064915e-13
4.3238014357036706e-13
4.3780568847448395e-13
4.432855448492838e-13
4.488201104344315e-13
4.544097846790814e-13
4.600549687421139e-13
4.657560654923442e-13
4.71513479508703e-13
4.773276170803891e-13
4.831988862069943e-13
4.891276965985984e-13
4.951144596758397e-13
5.011595885699545e-13
5.072634981227906e-13
5.134266048867939e-13
5.196493271249657e-13
5.259320848107941e-13
5.322752996281576e-13
5.386793949712016e-13
5.451447959441883e-13
5.516719293613191e-13
5.582612237465304e-13
5.649131093332625e-13
5.716280180642024e-13
5.784063835910001e-13
5.852486412739582e-13
5.921552281816944e-13
5.991265830907802e-13
6.061631464853505e-13
6.132653605566901e-13
6.204336692027929e-13
6.276685180278956e-13
6.349703543419852e-13
6.423396271602827e-13
6.497767872027001e-13
6.572822868932723e-13
6.648565803595642e-13
6.725001234320525e-13
6.802133736434836e-13
6.879967902282052e-13
6.958508341214743e-13
7.037759679587399e-13
7.117726560749031e-13
7.198413645035503e-13
7.279825609761638e-13
7.361967149213092e-13
7.444842974637964e-13
7.528457814238197e-13
7.612816413160718e-13
