0.0
0.0
0.0
1.817449404927479e-12
9.997769007432433e-12
3.181663501315854e-11
7.728213025525977e-11
1.591367623719057e-10
2.9285934873265607e-10
4.966667679117437e-10
7.915155775185714e-10
1.2011034982078758e-09
1.7518707637043106e-09
2.4730013366886374e-09
3.396423990404738e-09
4.556813255859155e-09
5.991590234497532e-09
7.740923276253856e-09
9.847728522882055e-09
1.2357670316490446e-08
1.5319161473213523e-08
1.878336342196664e-08
2.2804186208241495e-08
2.7438288362915657e-08
3.274507663605715e-08
3.8786705595721386e-08
4.562807709174766e-08
5.333683958457892e-08
6.198338733913236e-08
7.164085948377518e-08
8.238513893445296e-08
9.429485118405123e-08
1.0745136295706986e-07
1.2193878072969955e-07
1.3784394911541732e-07
1.5525644911621923e-07
1.7426859623961956e-07
1.9497543848155534e-07
2.174747541753769e-07
2.4186704970706766e-07
2.6825555709687666e-07
2.967462314475968e-07
3.274477482596222e-07
3.6047150061308873e-07
3.959315962172516e-07
4.33944854327392e-07
4.7463080252949375e-07
5.181116733929455e-07
5.645124009915709e-07
6.139606172932348e-07
6.665866484183828e-07
7.225235107678047e-07
7.819069070199258e-07
8.448752219979979e-07
9.115695184074648e-07
9.821335324440595e-07
1.0567136692727913e-06
1.135458998378176e-06
1.2185212487864422e-06
1.3060548041597301e-06
1.3982166977628371e-06
1.4951666073031937e-06
1.5970668496440411e-06
1.7040823753915791e-06
1.8163807633565675e-06
1.934132214890679e-06
2.057509548098091e-06
2.1866881919231577e-06
2.3218461801141302e-06
2.4631641450638365e-06
2.6108253115277766e-06
2.765015490220084e-06
2.925923071287851e-06
3.0937390176646813e-06
3.268656858303605e-06
3.450872681290401e-06
3.6405851268372823e-06
3.8379953801586155e-06
4.043307164227851e-06
4.256726732417521e-06
4.478462861022415e-06
4.708726841666409e-06
4.947732473593897e-06
5.195696055846719e-06
5.452836379325945e-06
5.719374718741771e-06
5.995534824448911e-06
6.281542914171254e-06
6.577627664614105e-06
6.884020202966466e-06
7.200954098292594e-06
7.52866535281556e-06
7.86739239309096e-06
8.217376061073442e-06
8.578859605076662e-06
8.952088670626456e-06
9.337311291208365e-06
9.734777878911445e-06
1.0144741214967502e-05
1.0567456440186244e-05
1.1003181045291068e-05
1.145217486115012e-05
1.1914700048909005e-05
1.2391021090022253e-05
1.2881404776186006e-05
1.3386120199173948e-05
1.390543874057433e-05
1.4439634061431042e-05
1.4988982091788465e-05
1.5553761020143965e-05
1.6134251282803056e-05
1.6730735553144354e-05
1.7343498730792006e-05
1.7972827930695237e-05
1.8619012472118447e-05
1.9282343867544522e-05
1.996311581148522e-05
2.0661624169207548e-05
2.1378166965371732e-05
2.211304437258222e-05
2.2866558699859432e-05
2.363901438102087e-05
2.443071796298193e-05
2.5241978093978105e-05
2.607310551170106e-05
2.692441303135601e-05
2.7796215533644283e-05
2.8688829952660173e-05
2.96025752637184e-05
3.053777247110015e-05
3.149474459572691e-05
3.2473816662754625e-05
3.34753156891057e-05
3.4499570670917764e-05
3.554691257092308e-05
3.661767430576596e-05
3.7712190733241715e-05
3.883079863947062e-05
3.997383672600219e-05
4.114164559686357e-05
4.233456774552497e-05
4.355294754181809e-05
4.479713121878276e-05
4.606746685944849e-05
4.7364304383565664e-05
4.8687995534263326e-05
5.003889386466231e-05
5.141735472441391e-05
5.282373524619949e-05
5.4258394332155296e-05
5.572169264026193e-05
5.721399257066137e-05
5.87356582519326e-05
6.028705552731626e-05
6.186855194087758e-05
6.348051672363043e-05
6.51233207796115e-05
6.679733667189428e-05
6.85029386085778e-05
7.024050242871333e-05
7.20104055881837e-05
7.38130271455621e-05
7.564874774789528e-05
7.751794961648031e-05
7.94210165325653e-05
8.135833382304713e-05
8.333028834609516e-05
8.533726847677224e-05
8.737966409258338e-05
8.945786655902784e-05
9.157226871508199e-05
9.372326485866747e-05
9.591125073209413e-05
9.813662350744661e-05
0.00010039978177196511
0.00010270112551339038
0.00010504105610527016
0.00010741997629225099
0.00010983829017534147
0.00011229640319714632
0.00011479472212708487
0.00011733365504657267
0.00011991361133419601
0.00012253500165085562
0.0001251982379249028
0.00012790373333722784
0.00013065190230638466
0.00013344316047362502
0.00013627792468799474
0.00013915661299134384
0.00014207964460339107
0.00014504743990670507
0.00014806042043173317
0.00015111900884179816
0.0001542236289180639
0.00015737470554452528
0.0001605726646929708
0.00016381793340795582
0.00016711093979174021
0.00017045211298924348
0.0001738418831729985
0.00017728068152809135
0.0001807689402371015
0.00018430709246503913
0.0001878955723442905
0.00019153481495955452
0.00019522525633279049
0.0001989673334081574
0.00020276148403696655
0.00020660814696263398
0.0002105077618056382
0.0002144607690484899
0.0002184676100206932
0.00022252872688374064
0.00022664456261609677
0.00023081556099819797
0.00023504216659745418
0.00023932482475329137
0.00024366398156217432
0.0002480600838626418
0.0002525135792204106
0.00025702491591340004
0.0002615945429168656
0.00026622290988851164
0.0002709104671535925
0.0002756576656900839
0.00028046495711383775
0.0002853327936637764
0.0002902616281871137
0.00029525191412456013
0.00030030410549559977
0.00030541865688375584
0.0003105960234219008
0.0003158366607775793
0.0003211410251383646
0.00032650957319723463
0.0003319427621379889
0.0003374410496206806
0.00034300489376708253
0.00034863475314618323
0.00035433108675970575
0.00036009435402768215
0.00036592501477404496
0.0003718235292122262
0.00037779035793083295
0.00038382596187935613
0.000389930802353843
0.00039610534098273413
0.00040235003971258456
0.0004086653607939745
0.0004150517667673214
0.000421509720448841
0.00042803968491647094
0.00043464212349585916
0.000441317499746441
0.00044806627744745873
0.00045488892058411195
0.000461785893333702
0.0004687576600518501
0.0004758046852587302
0.00048292743362536453
0.000490126369959956
0.0004974019591942974
0.0005047546663701679
0.0005121849566257814
0.0005196932951824023
0.0005272801473308369
0.0005349459784180802
0.0005426912538339917
0.00055051643899802
0.0005584219993459187
0.0005664084003166517
0.0005744761073392349
0.0005826255858195931
0.000590857301127651
0.0005991717185843039
0.0006075693034484711
0.0006160505209043273
0.0006246158360483801
0.0006332657138768378
0.0006420006192727997
0.0006508210169937325
0.0006597273716587821
0.0006687201477362951
0.0006777998095313968
0.0006869668211734841
0.0006962216466039442
0.0007055647495638569
0.0007149965935817333
0.0007245176419613706
0.0007341283577697126
0.0007438292038248234
0.0007536206426838854
0.0007635031366312652
0.0007734771476666639
0.0007835431374932868
0.0007937015675061357
0.000803952898780262
0.0008142975920592332
0.0008247361077435473
0.0008352689058791363
0.0008458964461459079
0.0008566191878464985
0.0008674375898948301
0.000878352110805024
0.000889363208680114
0.0009004713412010598
0.0009116769656156401
0.000922980538727507
0.0009343825168853061
0.0009458833559718468
0.0009574835113933298
0.0009691834380686487
0.000980983590418785
0.0009928844223561807
0.0010048863872744226
0.001016989938037554
0.0010291955269700252
0.0010415036058461786
0.0010539146258801031
0.0010664290377155649
0.0010790472914158826
0.0010917698364538689
0.0011045971217019867
0.0011175295954224424
0.0011305677052574235
0.001143711898219379
0.001156962620681318
0.0011703203183672864
0.0011837854363428502
0.0011973584190056639
0.0012110397100761003
0.0012248297525879223
0.001238728988879185
0.0012527378605829362
0.0012668568086183097
0.001281086273181337
0.001295426693736143
0.0013098785090061345
0.0013244421569650186
0.0013391180748283569
0.0013539066990446904
0.0013688084652871545
0.00138382380844482
0.0013989531626144825
0.0014141969610921231
0.0014295556363647184
0.0014450296201021068
0.0014606193431487603
0.0014763252355157706
0.0014921477263728866
0.0015080872440406136
0.0015241442159823523
0.001540319068796694
0.0015566122282096874
0.0015730241190672824
0.001589555165327717
0.001606205790054123
0.0016229764154071465
0.001639867462637608
0.0016568793520792087
0.0016740125031415181
0.0016912673343026665
0.0017086442631025296
0.0017261437061356888
0.0017437660790445184
0.0017615117965124898
0.0017793812722573616
0.001797374919024599
0.0018154931485807237
0.0018337363717068568
0.001852104998192299
0.001870599436828107
0.0018892200954008674
0.0019079673806864969
0.0019268416984440622
0.0019458434534096961
0.001964973049290695
0.0019842308887594714
0.0020036173734479207
0.0020231329039412304
0.002042777879772711
0.0020625526994178323
0.002082457760288601
0.0021024934587284207
0.0021226601900062566
0.00214295834831166
0.002163388326749285
0.00218395051733367
0.002204645310984268
0.0022254730975203364
0.002246434265655779
0.0022675292029944814
0.00228875829602529
0.002310121930117359
0.0023316204895153445
0.002353254357334847
0.002375023915557809
0.0023969295450279775
0.002418971625446609
0.0024411505353679943
0.0024634666521952796
0.0024859203521761246
0.0025085120103985844
0.002531242000787219
0.002554110696098796
0.002577118467918531
0.002600265686656194
0.0026235527215422738
0.0026469799406241747
0.0026705477107627955
0.002694256397628591
0.0027181063656982365
0.0027420979782511964
0.002766231597366156
0.0027905075839178488
0.002814926297573667
0.002839488096790557
0.0028641933388118125
0.002889042379663993
0.0029140355741540023
0.0029391732758660815
0.002964455837158913
0.002989883609162859
0.0030154569417772006
0.003041176183667419
0.0030670416822626456
0.0030930537837530153
0.0031192128330872217
0.0031455191739701086
0.003171973148860251
0.0031985750989676756
0.0032253253642516035
0.003252224283418287
0.003279272193918883
0.0033064694319473713
0.0033338163324385566
0.0033613132290662004
0.003388960454241012
0.003416758339108987
0.0034447072135494984
0.0034728074061737223
0.0035010592443229203
0.003529463054066835
0.003558019160202282
0.00358672788625164
0.0036155895544613716
0.003644604485800712
0.0036737729999604778
0.0037030954153516784
0.003732572049104447
0.0037622032170668653
0.003791989233803983
0.0038219304125966455
0.0038520270654407197
0.003882279503046122
0.003912688034835872
0.00394325296894561
0.0039739746122225
0.004004853270224696
0.004035889247220871
0.004067082846189311
0.004098434368817781
0.004129944115502757
0.004161612385349163
0.004193439476169883
0.004225425684485646
0.004257571305524624
0.004289876633222195
0.004322341960220882
0.004354967577870195
0.004387753776226593
0.004420700844053506
0.004453809068821194
0.0044870787367071565
0.004520510132595989
0.004554103540079737
0.0045878592414579835
0.004621777517738306
0.004655858648636461
0.004690102912576859
0.004724510586692987
0.004759081946827714
0.0047938172675340875
0.004828716822075554
0.004863780882426962
0.004899009719274871
0.004934403602018409
0.004969962798770017
0.005005687576356216
0.005041578200318329
0.005077634934913562
0.005113858043115796
0.005150247786616391
0.005186804425825573
0.0052235282198730484
0.005260419426609469
0.005297478302607154
0.005334705103161706
0.005372100082292791
