0.0
0.0
0.0
6.058164683035581e-13
3.3325790345849204e-12
1.060547586857924e-11
2.5760454773098045e-11
5.304487991501717e-11
9.761814412163265e-11
1.6555223667353813e-10
2.638322665289414e-10
4.0035694091811073e-10
5.839389992504629e-10
8.243056022805422e-10
1.13209867648298e-09
1.5188752135903218e-09
1.9971075252515258e-09
2.5801834527723967e-09
3.2824065319038224e-09
4.118996112646282e-09
5.106087434044585e-09
6.260731653948626e-09
7.600895833721983e-09
9.145462877882374e-09
1.0914231428661989e-08
1.292791571548095e-08
1.5208145359329527e-08
1.7777465132058538e-08
2.065933467058324e-08
2.387812814600673e-08
2.7459133887675567e-08
3.1428553962182414e-08
3.5813503707336504e-08
4.064201122112088e-08
4.5943016805669207e-08
5.174637236628857e-08
5.808284076556413e-08
6.498409513258433e-08
7.248271812732923e-08
8.061220116026709e-08
8.94069435672111e-08
9.89022517394854e-08
1.0913433820946323e-07
1.2014032069153812e-07
1.3195822107858626e-07
1.446269643939977e-07
1.5818637769934526e-07
1.7267718895776612e-07
1.8814102585313635e-07
2.0462041456512853e-07
2.2215877850022435e-07
2.4080043697879795e-07
2.6059060387833685e-07
2.8157538623292374e-07
3.038017827890637e-07
3.273176825179701e-07
3.521718630844243e-07
3.784139892723082e-07
4.060946113669379e-07
4.3526516349431306e-07
4.659779619174105e-07
4.982862032896472e-07
5.322439628656351e-07
5.67906192669385e-07
6.053287196200626e-07
6.44568243615477e-07
6.856823355734125e-07
7.287294354309747e-07
7.73768850102096e-07
8.208607513933536e-07
8.700661738782397e-07
9.214470127301016e-07
9.750660215138401e-07
1.0309868099366055e-06
1.0892738415576128e-06
1.1499924314572817e-06
1.213208743865855e-06
1.2789897897516772e-06
1.347403424369383e-06
1.4185183447680813e-06
1.49240408725974e-06
1.569131024848107e-06
1.6487703646181607e-06
1.7313941450864055e-06
1.81707523351223e-06
1.9058873231704488e-06
1.997904930585337e-06
2.0932033927262424e-06
2.191858864165172e-06
2.2939483141963785e-06
2.39954952391825e-06
2.5087410832777957e-06
2.6216023880778345e-06
2.7382136369471686e-06
2.8586558282739636e-06
2.9830107571026325e-06
3.111361011994339e-06
3.2437899718514323e-06
3.3803818027060554e-06
3.521221454473214e-06
3.666394657668417e-06
3.815987920090247e-06
3.97008852346808e-06
4.1287845200753494e-06
4.292164729308178e-06
4.460318734230353e-06
4.633336878083914e-06
4.81131026076691e-06
4.994330735277203e-06
5.18249090412369e-06
5.375884115704513e-06
5.574604460653099e-06
5.778746768151586e-06
5.98840660221271e-06
6.203680257929769e-06
6.4246647576954535e-06
6.6514578473894e-06
6.884157992534968e-06
7.122864374425776e-06
7.3676768862214305e-06
7.618696129014022e-06
7.876023407864431e-06
8.13976072780959e-06
8.41001078984051e-06
8.686876986851613e-06
8.970463399561615e-06
9.260874792406319e-06
9.558216609403307e-06
9.862594969989425e-06
1.0174116664830606e-05
1.0492889151605153e-05
1.0819020550760073e-05
1.1152619641241086e-05
1.1493795856196922e-05
1.1842659278657592e-05
1.2199320637187389e-05
1.2563891301512713e-05
1.2936483278125268e-05
1.3317209205860561e-05
1.3706182351452572e-05
1.4103516605064452e-05
1.4509326475795628e-05
1.4923727087165787e-05
1.5346834172576024e-05
1.577876407074768e-05
1.621963372113835e-05
1.666956065933664e-05
1.712866301243516e-05
1.7597059494381597e-05
1.8074869401310357e-05
1.8562212606852262e-05
1.9059209557424254e-05
1.9565981267499734e-05
2.0082649314858783e-05
2.060933583581911e-05
2.114616352044833e-05
2.1693255607757383e-05
2.2250735880875928e-05
2.281872866220929e-05
2.3397358808578128e-05
2.3986751706341034e-05
2.4587033266499507e-05
2.5198329919787092e-05
2.5820768611741487e-05
2.645447679776097e-05
2.7099582438145567e-05
2.7756213993121908e-05
2.8424500417854623e-05
2.9104571157441473e-05
2.9796556141895415e-05
3.050058578111182e-05
3.1216790959823016e-05
3.194530303253855e-05
3.268625381847247e-05
3.343977559645953e-05
3.420600109985674e-05
3.4985063511435204e-05
3.5777096458258075e-05
3.6582234006549045e-05
3.740061065654949e-05
3.823236133736335e-05
3.9077621401794575e-05
3.9936526621171765e-05
4.0809213180165064e-05
4.169581767159207e-05
4.259647709121691e-05
4.351132883253812e-05
4.4440510681571e-05
4.5384160811618075e-05
4.634241777803701e-05
4.731542051299569e-05
4.83033083202248e-05
4.930622086976052e-05
5.0324298192682394e-05
5.1357680675845444e-05
5.240650905660516e-05
5.3470924417537216e-05
5.455106818115429e-05
5.564708210461463e-05
5.6759108274429444e-05
5.7887289101163354e-05
5.903176731413255e-05
6.019268595610023e-05
6.137018837796636e-05
6.256441823345653e-05
6.377551947380751e-05
6.500363634245001e-05
6.624891336969133e-05
6.751149536739475e-05
6.879152742365661e-05
7.00891548974856e-05
7.140452341347811e-05
7.273777885649455e-05
7.408906736633537e-05
7.545853533241869e-05
7.684632938845475e-05
7.825259640712544e-05
7.967748349476083e-05
8.112113798602165e-05
8.258370743857792e-05
8.406533962779497e-05
8.55661825414183e-05
8.708638437426142e-05
8.862609352289787e-05
9.018545858035532e-05
9.176462833081285e-05
9.336375174430223e-05
9.498297797141394e-05
9.662245633800754e-05
9.828233633992254e-05
9.996276763770152e-05
0.00010166390005131154
0.00010338588355487461
0.00010512886827140184
0.00010689300446753518
0.00010867844254829574
0.00011048533305183463
0.0001123138266441947
0.00011416407411407917
0.00011603622636762469
0.00011793043442318314
0.00011984684940611324
0.00012178562254357629
0.00012374690515934384
0.00012573084866861317
0.00012773760457282846
0.0001297673244545139
0.0001318201599721184
0.00013389626285486436
0.00013599578489760882
0.00013811887795571497
0.0001402656939399368
0.00014243638481130447
0.00014463110257603552
0.00014684999928044114
0.0001490932270058552
0.00015136093786357246
0.00015365328398979009
0.0001559704175405757
0.0001583124906868345
0.00016067965560929542
0.00016307206449350786
0.0001654898695248543
0.00016793322288356904
0.0001704022767397784
0.00017289718324854837
0.0001754180945449495
0.00017796516273913367
0.00018053853991142384
0.00018313837810742396
0.0001857648293331358
0.00018841804555009504
0.00019109817867052147
0.00019380538055248505
0.00019653980299508356
0.0001993015977336414
0.00020209091643491917
0.00020490791069234353
0.00020775273202124694
0.00021062553185413236
0.0002135264615359448
0.0002164556723193695
0.0002194133153601355
0.0002223995417123482
0.00022541450232382948
0.00022845834803148025
0.0002315312295566606
0.00023463329750058318
0.000237764702339731
0.00024092559442128716
0.00024411612395858673
0.0002473364410265846
0.0002505866955573467
0.0002538670373355456
0.00025717761599400297
0.0002605185810092163
0.0002638900816969296
0.0002672922672077184
0.00027072528652258445
0.0002741892884485805
0.0002776844216144538
0.0002812108344663045
0.000284768675263263
0.0002883580920731978
0.0002919792327684314
0.0002956322450214856
0.00029931727630084034
0.000303034473866716
0.00030678398476688407
0.0003105659558324812
0.00031438053367386287
0.0003182278646764673
0.0003221080949967034
0.0003260213705578575
0.0003299678370460299
0.00033394763990608176
0.00033796092433761225
0.00034200783529095437
0.0003460885174631929
0.0003502031152942003
0.00035435177296270755
0.00035853463438238064
0.0003627518431979286
0.00036700354278123773
0.0003712898762275157
0.000375610986351472
0.0003799670156835143
0.0003843581064659622
0.0003887844006492986
0.00039324603988843027
0.0003977431655389772
0.0004022759186535846
0.00040684443997826005
0.00041144886994872983
0.0004160893486868211
0.0004207660159968668
0.00042547901136213637
0.00043022847394128645
0.00043501454256483644
0.000439837355731671
0.0004446970516055603
0.0004495937680117084
0.0004545276424333281
0.0004594988120082282
0.0004645074135254427
0.000469553583421867
0.00047463745777892797
0.0004797591723192749
0.00048491886240349685
0.0004901166630268625
0.0004953527088160819
0.0005006271340261
0.0005059400725369079
0.0005112916578503768
0.0005166820230871299
0.000522111300983416
0.0005275796238880356
0.0005330871237592621
0.0005386339321618158
0.0005442201802638387
0.0005498459988339112
0.0005555115182380861
0.0005612168684369415
0.0005669621789826728
0.0005727475790161979
0.0005785731972642934
0.0005844391620367499
0.0005903456012235581
0.0005962926422921134
0.0006022804122844585
0.0006083090378145282
0.0006143786450654404
0.0006204893597868067
0.0006266413072920547
0.0006328346124557993
0.0006390693997112123
0.0006453457930474381
0.0006516639160070263
0.0006580238916833841
0.0006644258427182612
0.0006708698912992594
0.0006773561591573594
0.0006838847675644882
0.0006904558373310862
0.0006970694888037267
0.0007037258418627417
0.0007104250159198815
0.0007171671299159969
0.0007239523023187382
0.0007307806511202962
0.0007376522938351535
0.0007445673474978645
0.000751525928660865
0.0007585281533923022
0.000765574137273879
0.0007726639953987526
0.0007797978423694276
0.0007869757922956817
0.0007941979587925334
0.0008014644549782052
0.000808775393472135
0.0008161308863930057
0.0008235310453567927
0.0008309759814748416
0.0008384658053519678
0.0008460006270845886
0.0008535805562588631
0.0008612057019488779
0.0008688761727148354
0.0008765920766012777
0.0008843535211353448
0.0008921606133250329
0.0009000134596574938
0.0009079121660973595
0.0009158568380850739
0.0009238475805352736
0.0009318844978351721
0.0009399676938429748
0.0009480972718863189
0.000956273334760739
0.0009644959847281532
0.0009727653235153665
0.0009810814523126155
0.000989444471772115
0.000997854482006653
0.0010063115825881806
0.0010148158725464494
0.0010233674503676553
0.0010319664139931241
0.0010406128608180007
0.0010493068876899674
0.0010580485909080007
0.0010668380662211248
0.0010756754088272083
0.0010845607133717781
0.0010934940739468543
0.0011024755840898033
0.001111505336782227
0.0011205834244488663
0.001129709938956521
0.001138884971613003
0.001148108613166108
0.0011573809538026152
0.0011667020831472802
0.0011760720902619132
0.0011854910636443978
0.0011949590912278011
0.001204476260379467
0.0012140426579001437
0.0012236583700231335
0.0012333234824134663
0.0012430380801670834
0.0012528022478100569
0.0012626160692978182
0.001272479628014422
0.001282393006771821
0.001292356287809162
0.0013023695527921081
0.0013124328828121757
0.001322546358386114
0.0013327100594552562
0.0013429240653849552
0.0013531884549639905
0.0013635033064040194
0.0013738686973390401
0.001384284704824883
0.0013947514053387095
0.0014052688747785507
0.0014158371884628446
0.001426456421130011
0.0014371266469380287
0.001447847939464066
0.0014586203717040739
0.001469444016072472
0.0014803189444017773
0.001491245227942326
0.0015022229373619588
0.0015132521427457459
0.001524332913595747
0.0015354653188307595
0.0015466494267861138
0.0015578853052134781
0.0015691730212806457
0.001580512641571443
0.0015919042320855059
0.0016033478582382404
0.001614843584860641
0.0016263914761992775
0.0016379915959161741
0.0016496440070887743
0.0016613487722099427
0.0016731059531879062
0.0016849156113462871
0.0016967778074241265
0.001708692601575911
0.0017206600533716523
0.0017326802217969416
0.0017447531652530683
0.0017568789415571102
0.0017690576079420705
