0.0
2.039744275887681e-08
8.158650358126167e-08
1.8355880160545621e-07
3.2630595764832877e-07
5.09819594204978e-07
7.34091335448396e-07
9.991128072291333e-07
1.3048756370749607e-06
1.6513714541905356e-06
2.0385918894570636e-06
2.4665285754319627e-06
2.935173146348531e-06
3.444517238115605e-06
3.994552488317229e-06
4.585270536212317e-06
5.216663022734314e-06
5.888721590490869e-06
6.60143788376349e-06
7.354803548507216e-06
8.148810232350275e-06
8.983449584593753e-06
9.858713256211261e-06
1.0774592899848594e-05
1.17310801698234e-05
1.2728166722124837e-05
1.3765844214413253e-05
1.4844104306019843e-05
1.5962938657946303e-05
1.7122338932864515e-05
1.8322296795116206e-05
1.956280391071261e-05
2.084385194733412e-05
2.216543257432999e-05
2.3527537462717954e-05
2.4930158285183937e-05
2.6373286716081696e-05
2.785691443143248e-05
2.9381033108924702e-05
3.0945634427913635e-05
3.255071006942102e-05
3.4196251716134775e-05
3.588225105240867e-05
3.7608699764261926e-05
3.937558953937897e-05
4.118291206710905e-05
4.30306590384659e-05
4.491882214612742e-05
4.684739308443534e-05
4.8816363549394895e-05
5.082572523867446e-05
5.287546985160528e-05
5.496558908918107e-05
5.70960746540577e-05
5.926691825055289e-05
6.147811158464583e-05
6.372964636397692e-05
6.602151429784733e-05
6.835370709721879e-05
7.072621647471317e-05
7.313903414461217e-05
7.5592151822857e-05
7.808556122704804e-05
8.061925407644449e-05
8.319322209196406e-05
8.580745699618262e-05
8.84619505133339e-05
9.115669436930913e-05
9.38916802916567e-05
9.666690000958192e-05
9.948234525394647e-05
0.00010233800775726833
0.00010523387925372129
0.00010816995147913463
0.00011114621617099283
0.00011416266506843526
0.00011721928991225573
0.00012031608244490228
0.0001234530344104768
0.0001266301375547348
0.00012984738362508482
0.00013310476437058835
0.00013640227154195948
0.00013973989689156435
0.00014311763217342112
0.0001465354691431993
0.0001499933995582198
0.00015349141517745436
0.0001570295077615252
0.00016060766907270485
0.0001642258908749156
0.00016788416493372944
0.00017158248301636745
0.00017532083689169968
0.00017909921833024473
0.00018291761910416948
0.00018677603098728862
0.0001906744457550645
0.00019461285518460663
0.00019859125105467151
0.00020260962514566212
0.00020666796923962785
0.00021076627512026385
0.000214904534572911
0.0002190827393845553
0.00022330088134382784
0.0002275589522410042
0.00023185694386800433
0.00023619484801839198
0.00024057265648737473
0.0002449903610718032
0.0002494479535701711
0.00025394542578261494
0.00025848276951091314
0.0002630599765584863
0.00026767703873039684
0.00027233394783334825
0.00027703069567568497
0.0002817672740673922
0.0002865436748200956
0.0002913598897470606
0.00029621591066319243
0.0003011117293850355
0.00030604733773077346
0.0003110227275202285
0.00031603789057486133
0.00032109281871777026
0.0003261875037736918
0.00033132193756899974
0.0003364961119317046
0.00034171001869145394
0.00034696364967953146
0.0003522569967288572
0.00035759005167398673
0.0003629628063511111
0.0003683752525980562
0.00037382738225428305
0.0003793191871608869
0.00038485065916059715
0.00039042179009777676
0.0003960325718184224
0.0004016829961701638
0.0004073730550022635
0.0004131027401656161
0.000418872043512749
0.0004246809568978208
0.00043052947217662204
0.00043641758120657406
0.0004423452758467292
0.00044831254795777033
0.0004543193894020103
0.00046036579204339204
0.0004664517477474878
0.0004725772483814992
0.0004787422858142566
0.0004849468519162189
0.0004911909385594732
0.0004974745376177345
0.0005037976409663455
0.0005101602404822759
0.0005165623280441225
0.0005230038955321087
0.0005294849348280839
0.0005360054378155237
0.0005425653963795291
0.0005491648024068265
0.000555803647785767
0.0005624819244063268
0.0005691996241601061
0.0005759567389403293
0.000582753260641844
0.0005895891811611218
0.0005964644923962565
0.0006033791862469651
0.000610333254614587
0.000617326689402083
0.0006243594825140367
0.0006314316258566519
0.0006385431113377543
0.0006456939308667898
0.0006528840763548251
0.0006601135397145467
0.0006673823128602609
0.0006746903877078937
0.0006820377561749896
0.0006894244101807123
0.0006968503416458442
0.0007043155424927852
0.0007118200046455539
0.0007193637200297854
0.0007269466805727323
0.0007345688782032643
0.0007422303048518676
0.0007499309524506439
0.0007576708129333116
0.0007654498782352045
0.0007732681402932712
0.0007811255910460755
0.0007890222224337956
0.0007969580263982241
0.0008049329948827677
0.0008129471198324461
0.0008210003931938928
0.0008290928069153538
0.0008372243529466883
0.0008453950232393675
0.0008536048097464747
0.0008618537044227048
0.0008701416992243639
0.000878468786109369
0.0008868349570372483
0.0008952402039691399
0.0009036845188677921
0.000912167893697563
0.0009206903204244201
0.00092925179101594
0.000937852297441308
0.0009464918316713178
0.0009551703856783712
0.0009638879514364776
0.0009726445209212545
0.000981440086109926
0.0009902746389813227
0.000999148171515883
0.0010080606756956501
0.0010170121435042739
0.0010260025669270088
0.0010350319379507159
0.0010441002485638603
0.0010532074907565114
0.0010623536565203442
0.001071538737848636
0.001080762726736269
0.001090025615179727
0.0010993273951770991
0.0011086680587280753
0.0011180475978339484
0.001127466004497613
0.0011369232707235657
0.001146419388517905
0.001155954349888329
0.001165528146844138
0.0011751407713962315
0.0011847922155571102
0.0011944824713408734
0.0012042115307632209
0.001213979385841451
0.0012237860285944605
0.001233631451042746
0.0012435156452084003
0.001253438603115116
0.0012634003167881817
0.0012734007782544843
0.0012834399795425067
0.0012935179126823291
0.001303634569705627
0.0013137899426456732
0.001323984023537335
0.0013342168044170747
0.0013444882773229509
0.0013547984342946156
0.0013651472673733161
0.0013755347686018925
0.0013859609300247804
0.0013964257436880065
0.0014069292016391922
0.0014174712959275505
0.0014280520186038886
0.0014386713617206034
0.001449329317331685
0.0014600258774927152
0.001470761034260866
0.001481534779694901
0.0014923471058551736
0.001503198004803628
0.0015140874686037976
0.0015250154893208063
0.0015359820590213661
0.001546987169773779
0.001558030813647934
0.0015691129827153096
0.0015802336690489726
0.0015913928647235762
0.0016025905618153623
0.0016138267524021587
0.00162510142856338
0.0016364145823800271
0.0016477662059346883
0.0016591562913115352
0.0016705848305963269
0.0016820518158764065
0.0016935572392407022
0.0017051010927797267
0.0017166833685855767
0.0017283040587519327
0.0017399631553740589
0.0017516606505488025
0.0017633965363745936
0.0017751708049514447
0.0017869834483809509
0.001798834458766289
0.001810723828212217
0.0018226515488250746
0.0018346176127127828
0.0018466220119848424
0.0018586647387523357
0.0018707457851279239
0.0018828651432258486
0.0018950228051619299
0.0019072187630535678
0.001919453009019741
0.001931725535181006
0.0019440363336594984
0.001956385396578931
0.0019687727160645927
0.0019811982842433524
0.001993662093243655
0.002006164135195521
0.002018704402230546
0.002031282886481904
0.0020438995800843443
0.00205655447517419
0.0020692475638893395
0.0020819788383692668
0.0020947482907550195
0.0021075559131892197
0.0021204016978160624
0.0021332856367813164
0.0021462077222323245
0.002159167946318
0.002172166301188832
0.0021852027789968777
0.002198277371895769
0.0022113900720407077
0.0022245408715884686
0.0022377297626973956
0.002250956737527404
0.002264221788239978
0.002277524906998175
0.0022908660859666183
0.0023042453173115025
0.0023176625932005905
0.0023311179058032147
0.002344611247290275
0.0023581426098342384
0.0023717119856091415
0.0023853193667905882
0.0023989647455557486
0.002412648114083359
0.002426369464553724
0.0024401287891487127
0.0024539260800517607
0.002467761329447869
0.002481634529523604
0.0024955456724670977
0.0025094947504680437
0.0025234817557177043
0.0025375066804089017
0.002551569516736025
0.0025656702568950243
0.002579808893083414
0.002593985417500271
0.0026081998223462335
0.0026224520998235023
0.002636742242135841
0.002651070241488575
0.0026654360900885874
0.002679839780144326
0.0026942813038657973
0.0027087606534645686
0.002723277821153766
0.0027378327991480766
0.0027524255796637464
0.0027670561549185796
0.002781724517131939
0.002796430658524747
0.0028111745713194827
0.002825956247740184
0.0028407756800124446
0.002855632860363417
0.0028705277810218105
0.0028854604342178885
0.0029004308121834727
0.00291543890715194
0.0029304847113582246
0.002945568217038812
0.002960689416431745
0.002975848301776622
0.002991044865314594
0.003006279099288365
0.0030215509959421964
0.003036860547521899
0.0030522077462748396
0.0030675925844499347
0.003083015054297656
0.003098475148070025
0.003113972858020616
0.003129508176404556
0.003145081095478522
0.0031606916075007417
0.003176339704730993
0.003192025379430605
0.0032077486238624568
0.0032235094302909763
0.0032393077909821395
0.0032551436982034745
0.0032710171442240565
0.0032869281213145085
0.003302876621747002
0.0033188626377952564
0.003334886161734539
0.0033509471858416628
0.003367045702394989
0.003383181703674425
0.0033993551819614244
0.0034155661295389847
0.0034318145386916525
0.003448100401705518
0.003464423710868216
0.003480784458468926
0.003497182636798371
0.003513618238148822
0.0035300912548140886
0.0035466016790895263
0.0035631495032720337
0.0035797347196600523
0.0035963573205535656
0.0036130172982540986
0.00362971464506472
0.003646449353290039
0.003663221415236205
0.003680030823210911
0.0036968775695233884
0.0037137616464844093
0.0037306830464062853
0.0037476417616028705
0.0037646377843895554
0.0037816711070832705
0.0037987417220024847
0.0038158496214672063
0.003832994797798983
0.0038501772433208966
0.003867396950357568
0.003884653911235158
0.0039019481182813614
0.00391927956382541
0.003936648240198073
0.003954054139731653
0.003971497254759991
0.003988977577618464
0.004006495100643982
0.004024049816174993
0.004041641716551475
0.004059270794114941
0.004076937041208441
0.004094640450176555
0.0041123810133653965
0.004130158723122617
0.004147973571797394
0.004165825551740442
0.004183714655304005
0.004201640874841861
0.0042196042027093155
0.0042376046312632065
0.004255642152861906
0.004273716759865315
0.004291828444634862
0.004309977199533508
0.004328163016925742
0.004346385889177584
0.00436464580865658
0.0043829427677318095
0.004401276758773877
0.004419647774154914
0.004438055806248583
0.004456500847430073
0.004474982890076097
0.004493501926564898
0.0045120579492762426
0.004530650950591427
0.004549280922893275
0.00456794785856613
0.004586651749995864
0.004605392589569873
0.00462417036967708
0.004642985082707929
0.004661836721054388
0.004680725277109953
0.00469965074326964
0.0047186131119299896
0.004737612375489065
0.0047566485263464495
0.004775721556903253
0.004794831459562102
0.004813978226727151
0.00483316185080407
0.0048523823242000545
0.004871639639323817
0.004890933788585594
0.004910264764397138
