0.0
0.0004999500061007411
0.0009998000321980423
0.0014995500982859047
0.0019992002243543316
0.002498750430389328
0.0029982007363729022
0.0034975511622830665
0.003996801728093839
0.004495952453775243
0.004995003359293308
0.005493954464610069
0.0059928057896835715
0.006491557354467868
0.0069902091789130205
0.007488761282965106
0.007987213686566205
0.008485566409654416
0.00898381947216385
0.009481972894024627
0.009980026695162882
0.01047798089550077
0.010975835514956463
0.011473590573444138
0.011971246090874004
0.012468802087152281
0.012966258582181204
0.01346361559585904
0.013960873148080068
0.014458031258734589
0.014955089947708926
0.01545204923488543
0.01594890914014247
0.016445669683354446
0.016942330884391774
0.01743889276312091
0.017935355339404328
0.01843171863310053
0.01892798266406405
0.019424147452145442
0.019920213017191307
0.02041617937904426
0.02091204655754296
0.02140781457252209
0.021903483443812377
0.022399053191240578
0.022894523834629473
0.023389895393797894
0.023885167888560713
0.024380341338728816
0.02487541576410915
0.02537039118450468
0.02586526761971444
0.026360045089533476
0.026854723613752886
0.02734930321215982
0.027843783904537456
0.028338165710665022
0.028832448650317786
0.029326632743267078
0.02982071800928026
0.030314704468120738
0.030808592139547973
0.031302381043317465
0.031796071199180785
0.03228966262688551
0.03278315534617533
0.03327654937678995
0.033769844738465116
0.03426304145093265
0.03475613953392042
0.035249139007152354
0.03574203989034842
0.03623484220322466
0.03672754596549317
0.0372201511968621
0.037712657917035666
0.03820506614571412
0.03869737590259382
0.039189587207367135
0.03968170007972252
0.040173714539344485
0.04066563060591362
0.04115744829910656
0.04164916763859602
0.042140788644050756
0.04263231133513563
0.04312373573151154
0.043615061852835466
0.04410628971876044
0.04459741934893559
0.04508845076300609
0.045579383980613224
0.04607021902139429
0.046560955904982715
0.04705159465100796
0.047542135279095565
0.04803257780886717
0.04852292225994047
0.04901316865192925
0.04950331700444337
0.04999336733708877
0.050483319669467445
0.05097317402117751
0.05146293041181311
0.051952588860964516
0.05244214938821807
0.05293161201315619
0.053420976755357376
0.05391024363439621
0.0543994126698434
0.05488848388126568
0.055377457288225906
0.055866332910283006
0.056355110766992025
0.05684379087790406
0.05733237326256632
0.05782085794052211
0.058309244931310796
0.058797534254467876
0.05928572592952492
0.0597738199760096
0.06026181641344567
0.060749715261352984
0.06123751653924751
0.0617252202666413
0.0622128264630425
0.06270033514795537
0.0631877463408802
0.06367506006131349
0.06416227632874778
0.06464939516267172
0.06513641658257006
0.06562334060792366
0.06611016725820949
0.06659689655290059
0.06708352851146615
0.06757006315337148
0.06805650049807793
0.068542840565043
0.06902908337372031
0.06951522894355953
0.07000127729400651
0.07048722844450318
0.07097308241448759
0.0714588392233939
0.07194449889065237
0.07243006143568939
0.07291552687792749
0.07340089523678525
0.07388616653167743
0.07437134078201486
0.07485641800720454
0.07534139822664954
0.07582628145974905
0.07631106772589845
0.07679575704448914
0.07728034943490872
0.07776484491654087
0.07824924350876546
0.07873354523095837
0.07921775010249167
0.0797018581427336
0.08018586937104845
0.08066978380679668
0.08115360146933488
0.08163732237801574
0.0821209465521881
0.08260447401119693
0.08308790477438334
0.08357123886108456
0.08405447629063391
0.08453761708236095
0.08502066125559125
0.08550360882964662
0.08598645982384495
0.08646921425750029
0.0869518721499228
0.08743443352041881
0.08791689838829077
0.08839926677283727
0.08888153869335304
0.08936371416912897
0.08984579321945209
0.09032777586360555
0.09080966212086868
0.09129145201051689
0.09177314555182181
0.09225474276405116
0.09273624366646883
0.09321764827833487
0.09369895661890544
0.09418016870743287
0.09466128456316569
0.09514230420534851
0.09562322765322209
0.09610405492602339
0.09658478604298552
0.0970654210233377
0.09754595988630534
0.09802640265110998
0.09850674933696935
0.0989869999630973
0.09946715454870389
0.09994721311299527
0.10042717567517379
0.10090704225443793
0.1013868128699824
0.10186648754099797
0.10234606628667169
0.10282554912618667
0.10330493607872224
0.10378422716345385
0.10426342239955318
0.10474252180618802
0.10522152540252236
0.10570043320771633
0.10617924524092626
0.1066579615213046
0.10713658206800004
0.10761510690015737
0.1080935360369176
0.10857186949741789
0.1090501073007916
0.10952824946616821
0.11000629601267342
0.11048424695942909
0.11096210232555326
0.11143986213016013
0.11191752639236012
0.11239509513125981
0.1128725683659619
0.11334994611556537
0.1138272283991653
0.11430441523585301
0.11478150664471597
0.11525850264483782
0.1157354032552984
0.11621220849517372
0.11668891838353601
0.11716553293945367
0.11764205218199127
0.1181184761302096
0.11859480480316559
0.1190710382199124
0.11954717639949936
0.12002321936097202
0.12049916712337207
0.12097501970573743
0.12145077712710221
0.1219264394064967
0.1224020065629474
0.12287747861547701
0.12335285558310438
0.12382813748484459
0.12430332433970893
0.1247784161667049
0.12525341298483614
0.12572831481310254
0.12620312167050016
0.12667783357602122
0.12715245054865432
0.12762697260738404
0.12810139977119128
0.1285757320590532
0.12904996948994302
0.12952411208283024
0.1299981598566806
0.13047211283045596
0.13094597102311448
0.13141973445361047
0.13189340314089446
0.13236697710391318
0.13284045636160965
0.13331384093292298
0.13378713083678864
0.13426032609213814
0.13473342671789934
0.13520643273299626
0.13567934415634908
0.13615216100687433
0.13662488330348466
0.13709751106508894
0.1375700443105923
0.13804248305889608
0.13851482732889783
0.1389870771394913
0.1394592325095665
0.13993129345800961
0.14040326000370312
0.14087513216552566
0.14134690996235216
0.1418185934130537
0.1422901825364976
0.14276167735154746
0.14323307787706305
0.14370438413190043
0.14417559613491177
0.1446467139049456
0.14511773746084664
0.1455886668214558
0.14605950200561027
0.14653024303214346
0.14700088991988502
0.14747144268766083
0.14794190135429303
0.14841226593859988
0.14888253645939603
0.14935271293549235
0.1498227953856958
0.15029278382880973
0.15076267828363363
0.1512324787689633
0.1517021853035908
0.15217179790630436
0.1526413165958885
0.15311074139112396
0.1535800723107877
0.154049309373653
0.1545184525984893
0.15498750200406233
0.15545645760913412
0.15592531943246288
0.15639408749280304
0.15686276180890535
0.15733134239951677
0.15779982928338054
0.15826822247923614
0.15873652200581928
0.15920472788186193
0.15967284012609242
0.1601408587572351
0.1606087837940108
0.1610766152551365
0.16154435315932544
0.1620119975252872
0.16247954837172748
0.16294700571734833
0.16341436958084807
0.16388163998092128
0.16434881693625875
0.16481590046554753
0.165282890587471
0.16574978732070875
0.16621659068393663
0.1666833006958268
0.16714991737504764
0.16761644074026383
0.16808287081013631
0.1685492076033223
0.1690154511384752
0.16948160143424484
0.16994765850927718
0.17041362238221452
0.17087949307169545
0.17134527059635474
0.17181095497482352
0.17227654622572913
0.17274204436769525
0.1732074494193418
0.17367276139928498
0.17413798032613728
0.17460310621850744
0.17506813909500052
0.1755330789742178
0.17599792587475693
0.17646267981521174
0.17692734081417238
0.17739190889022535
0.17785638406195337
0.1783207663479354
0.17878505576674672
0.17924925233695896
0.17971335607713995
0.18017736700585382
0.18064128514166103
0.1811051105031183
0.1815688431087787
0.18203248297719146
0.18249603012690221
0.18295948457645284
0.18342284634438152
0.18388611544922268
0.18434929190950713
0.18481237574376194
0.18527536697051047
0.1857382656082723
0.18620107167556343
0.18666378519089608
0.18712640617277881
0.18758893463971646
0.18805137061021016
0.18851371410275733
0.18897596513585177
0.18943812372798347
0.1899001898976388
0.19036216366330036
0.19082404504344716
0.19128583405655444
0.19174753072109377
0.19220913505553297
0.1926706470783362
0.19313206680796405
0.1935933942628732
0.1940546294615168
0.19451577242234425
0.19497682316380124
0.19543778170432988
0.1958986480623685
0.19635942225635172
0.1968201043047105
0.19728069422587208
0.19774119203826016
0.19820159776029456
0.19866191141039158
0.1991221330069637
0.1995822625684198
0.20004230011316507
0.20050224565960104
0.2009620992261255
0.20142186083113264
0.20188153049301288
0.202341108230153
0.20280059406093615
0.2032599880037417
0.20371929007694548
0.20417850029891949
0.2046376186880322
0.2050966452626483
0.20555558004112898
0.2060144230418315
0.20647317428310963
0.20693183378331342
0.20739040156078922
0.20784887763387977
0.20830726202092412
0.20876555474025757
0.20922375581021194
0.2096818652491152
0.21013988307529174
0.2105978093070623
0.21105564396274393
0.21151338706064998
0.21197103861909017
0.2124285986563706
0.21288606719079364
0.21334344424065804
0.21380072982425896
0.21425792395988774
0.21471502666583214
0.2151720379603763
0.2156289578618006
0.21608578638838197
0.21654252355839346
0.21699916939010458
0.21745572390178114
0.21791218711168536
0.21836855903807575
0.21882483969920719
0.21928102911333086
0.2197371272986944
0.22019313427354173
0.22064905005611313
0.22110487466464518
0.22156060811737094
0.22201625043251969
0.22247180162831715
0.22292726172298533
0.22338263073474274
0.223837908681804
0.2242930955823803
0.22474819145467917
0.22520319631690433
0.22565811018725604
0.22611293308393085
0.22656766502512168
0.2270223060290178
0.22747685611380486
0.22793131529766483
0.22838568359877612
0.22883996103531346
0.2292941476254479
0.22974824338734695
0.2302022483391744
0.23065616249909052
0.2311099858852518
0.23156371851581123
0.23201736040891807
0.23247091158271804
0.23292437205535318
0.23337774184496188
0.23383102096967895
0.23428420944763556
0.2347373072969592
0.23519031453577385
0.2356432311821998
0.23609605725435368
0.23654879277034851
0.2370014377482938
0.23745399220629526
0.2379064561624551
0.2383588296348719
0.2388111126416406
0.23926330520085246
0.2397154073305952
0.24016741904895297
0.2406193403740062
0.24107117132383174
0.24152291191650282
0.24197456217008909
0.24242612210265657
0.24287759173226767
0.24332897107698112
0.24378026015485213
0.24423145898393225
0.24468256758226942
0.245133585967908
0.2455845141588887
0.24603535217324868
0.2464861000290214
0.24693675774423687
0.24738732533692132
0.24783780282509751
0.2482881902267845
0.2487384875599978
0.2491886948427493
0.2496388120930473
0.25008883932889653
0.25053877656829804
0.25098862382924925
0.25143838112974415
0.251888048487773
0.2523376259213225
0.25278711344837573
0.25323651108691225
0.25368581885490793
0.254135036770335
0.25458416485116225
0.2550332031153548
0.2554821515808742
0.2559310102656783
0.2563797791877216
0.2568284583649547
0.25727704781532496
0.25772554755677574
0.25817395760724715
0.2586222779846756
0.25907050870699383
0.2595186497921312
0.25996670125801324
0.260414663122562
0.260862535403696
0.2613103181193302
0.2617580112873758
0.2622056149257406
0.2626531290523286
0.26310055368504054
0.2635478888417733
0.2639951345404204
0.2644422907988715
0.264889357635013
0.26533633506672744
0.26578322311189406
0.26623002178838834
0.2666767311140822
0.267123351106844
0.2675698817845386
0.26801632316502716
0.2684626752661673
0.2689089381058132
0.2693551117018153
0.26980119607202063
0.27024719123427254
0.2706930972064107
0.2711389140062715
0.27158464165168755
0.2720302801604881
0.27247582955049854
0.27292128983954084
0.2733666610454335
0.2738119431859913
0.2742571362790255
0.274702240342344
0.2751472553937507
0.27559218145104636
0.276037018532028
0.2764817666544891
0.27692642583621957
0.27737099609500576
0.27781547744863055
0.27825986991487317
0.2787041735115093
0.279148388256311
0.27959251416704706
0.28003655126148236
0.2804804995573784
0.2809243590724932
0.2813681298245811
0.28181181183139287
0.28225540511067587
0.2826989096801738
0.2831423255576268
0.2835856527607716
0.28402889130734116
0.2844720412150651
0.28491510250166946
0.28535807518487655
0.28580095928240545
0.2862437548119715
0.2866864617912865
0.2871290802380586
0.2875716101699926
0.28801405160478977
0.2884564045601477
0.2888986690537606
0.2893408451033189
0.2897829327265098
0.29022493194101673
0.29066684276451965
0.2911086652146951
0.2915503993092158
0.2919920450657511
0.2924336025019671
0.29287507163552584
0.29331645248408617
0.29375774506530333
0.29419894939682906
0.2946400654963115
0.2950810933813952
0.2955220330697214
0.29596288457892767
0.29640364792664803
0.29684432313051307
0.2972849102081498
0.29772540917718154
0.29816582005522846
0.29860614285990694
0.2990463776088299
0.29948652431960665
0.2999265830098431
0.3003665536971416
0.30080643639910093
0.30124623113331644
0.30168593791737996
0.30212555676887975
0.3025650877054006
0.3030045307445236
0.3034438859038266
0.30388315320088377
0.30432233265326575
0.3047614242785398
0.30520042809426956
0.30563934411801513
0.3060781723673332
0.30651691285977695
0.30695556561289594
0.3073941306442363
0.30783260797134065
0.308270997611748
0.308709299582994
0.30914751390261075
0.3095856405881268
0.3100236796570672
0.3104616311269535
0.31089949501530384
0.3113372713396327
0.31177496011745115
0.31221256136626685
0.3126500751035837
0.3130875013469024
0.31352484011371984
0.3139620914215296
0.31439925528782176
0.31483633173008285
0.31527332076579595
0.3157102224124407
0.31614703668749305
0.31658376360842555
0.31702040319270736
0.317456955457804
0.31789342042117763
0.31832979810028683
0.31876608851258675
0.31920229167552894
0.3196384076065615
0.32007443632312904
0.32051037784267283
0.32094623218263046
0.3213819993604362
0.32181767939352063
0.32225327229931094
0.3226887780952309
0.32312419679870075
0.3235595284271372
0.3239947729979536
0.3244299305285596
0.32486500103636157
0.32529998453876235
0.32573488105316123
0.32616969059695416
0.32660441318753347
0.327039048842288
0.3274735975786032
0.32790805941386103
0.32834243436544003
0.3287767224507151
0.32921092368705784
0.3296450380918363
0.33007906568241513
0.3305130064761553
0.33094686049041444
0.33138062774254673
0.33181430824990293
0.3322479020298302
0.33268140909967225
0.33311482947676946
0.33354816317845853
0.33398141022207295
0.3344145706249425
0.3348476444043937
0.33528063157774934
0.3357135321623291
0.33614634617544875
0.3365790736344211
0.33701171455655515
0.3374442689591565
0.3378767368595274
0.3383091182749665
0.3387414132227691
0.339173621720227
0.3396057437846285
0.3400377794332584
0.3404697286833983
0.3409015915523261
0.3413333680573163
0.34176505821564
0.34219666204456484
0.3426281795613549
0.34305961078327085
0.34349095572757005
0.34392221441150617
0.3443533868523297
0.3447844730672874
0.3452154730736228
0.3456463868885759
0.3460772145293832
0.3465079560132779
0.3469386113574896
0.34736918057924454
0.34779966369576537
0.34823006072427154
0.3486603716819789
0.3490905965860998
0.34952073545384343
0.34995078830241527
0.35038075514901734
0.3508106360108484
0.35124043090510365
0.3516701398489748
0.35209976285965044
0.35252929995431526
0.35295875115015085
0.3533881164643353
0.35381739591404315
0.35424658951644555
0.3546756972887104
0.3551047192480019
0.35553365541148085
0.35596250579630484
0.35639127041962787
0.3568199492986004
0.3572485424503696
0.35767704989207927
0.35810547164086975
0.35853380771387783
0.358962058128237
0.3593902229010773
0.35981830204952525
0.3602462955907041
0.3606742035417336
0.3611020259197299
0.36152976274180604
0.3619574140250715
0.36238497978663226
0.3628124600435909
0.36323985481304677
0.36366716411209565
0.3640943879578298
0.3645215263673382
0.36494857935770647
0.36537554694601665
0.3658024291493475
0.3662292259847743
0.366655937469369
0.3670825636201999
0.36750910445433216
0.36793555998882727
0.36836193024074354
0.36878821522713584
0.3692144149650555
0.36964052947155057
0.37006655876366557
0.3704925028584417
0.3709183617729167
0.3713441355241249
0.3717698241290973
0.3721954276048615
0.37262094596844153
0.37304637923685824
0.37347172742712886
0.37389699055626735
0.3743221686412843
0.3747472616991867
0.37517226974697837
0.37559719280165954
0.3760220308802272
0.3764467839996749
0.3768714521769927
0.3772960354291674
0.3777205337731823
0.3781449472260174
0.37856927580464905
0.37899351952605054
0.3794176784071916
0.3798417524650386
0.38026574171655453
0.3806896461786988
0.38111346586842776
0.38153720080269415
0.38196085099844734
0.3823844164726334
0.3828078972421948
0.38323129332407085
0.38365460473519747
0.38407783149250707
0.3845009736129287
0.384924031113388
0.38534700401080735
0.3857698923221057
0.3861926960641985
0.3866154152539979
0.38703804990841273
0.3874606000443483
0.3878830656787067
0.38830544682838647
0.38872774351028294
0.38914995574128797
0.38957208353829
0.38999412691817403
0.390416085897822
0.3908379604941122
0.39125975072391955
0.3916814566041158
0.3921030781515691
0.39252461538314426
0.39294606831570283
0.39336743696610293
0.39378872135119924
0.39420992148784323
0.39463103739288286
0.3950520690831627
0.39547301657552414
0.39589387988680497
0.39631465903383983
0.39673535403345983
0.3971559649024928
0.3975764916577631
0.3979969343160919
0.3984172928942969
0.3988375674091924
0.39925775787758944
0.39967786431629543
0.4000978867421148
0.40051782517184853
0.40093767962229404
0.4013574501102455
0.4017771366524937
0.4021967392658262
0.4026162579670271
0.4030356927728771
0.40345504370015356
0.4038743107656306
0.40429349398607883
0.40471259337826565
0.40513160895895506
0.4055505407449077
0.40596938875288074
0.4063881529996281
0.4068068335019004
0.40722543027644476
0.4076439433400052
0.40806237270932216
0.4084807184011328
0.408898980432171
0.40931715881916714
0.4097352535788485
0.4101532647279388
0.41057119228315847
0.4109890362612247
0.41140679667885105
0.41182447355274815
0.41224206689962295
0.4126595767361792
0.4130770030791173
0.41349434594513435
0.41391160535092403
0.4143287813131768
0.4147458738485796
0.4151628829738161
0.41557980870556677
0.41599665106050854
0.4164134100553152
0.41683008570665697
0.417246678031201
0.417663187045611
0.41807961276654726
0.41849595521066685
0.41891221439462345
0.4193283903350674
0.4197444830486458
0.42016049255200233
0.4205764188617774
0.42099226199460793
0.4214080219671278
0.4218236987959673
0.4222392924977536
0.42265480308911035
0.42307023058665805
0.4234855750070138
0.4239008363667913
0.4243160146826011
0.42473110997105024
0.4251461222487426
0.4255610515322786
0.4259758978382555
0.4263906611832672
0.4268053415839041
0.4272199390567535
0.4276344536183992
0.4280488852854219
0.4284632340743988
0.4288775000019039
0.42929168308450777
0.42970578333877785
0.43011980078127804
0.43053373542856904
0.43094758729720833
0.4313613564037499
0.4317750427647445
0.4321886463967396
0.4326021673162793
0.4330156055399046
0.4334289610841529
0.43384223396555843
0.4342554242006522
0.43466853180596177
0.43508155679801136
0.435494499193322
0.43590735900841143
0.4363201362597941
0.43673283096398097
0.4371454431374799
0.4375579727967953
0.4379704199584285
0.4383827846388773
0.43879506685463626
0.4392072666221968
0.4396193839580468
0.4400314188786709
0.4404433714005506
0.44085524154016403
0.44126702931398587
0.44167873473848773
0.4420903578301377
0.4425018986054009
0.4429133570807388
0.4433247332726099
0.4437360271974691
0.4441472388717682
0.4445583683119557
0.4449694155344767
0.4453803805557732
0.44579126339228375
0.44620206406044355
0.44661278257668474
0.447023418957436
0.4474339732191229
0.4478444453781676
0.4482548354509889
0.44866514345400244
0.44907536940362053
0.44948551331625214
0.44989557520830314
0.450305555096176
0.45071545299626986
0.45112526892498067
0.4515350028987011
0.45194465493382036
0.45235422504672473
0.45276371325379694
0.4531731195714165
0.4535824440159596
0.4539916866037993
0.4544008473513053
0.45480992627484407
0.45521892339077863
0.4556278387154689
0.45603667226527156
0.45644542405653993
0.45685409410562416
0.4572626824288711
0.45767118904262405
0.45807961396322333
0.45848795720700597
0.4588962187903058
0.4593043987294532
0.4597124970407754
0.46012051374059626
0.4605284488452365
0.46093630237101346
0.4613440743342414
0.4617517647512312
0.4621593736382904
0.4625669010117233
0.4629743468878311
0.4633817112829116
0.4637889942132593
0.4641961956951657
0.46460331574491864
0.4650103543788031
0.4654173116131006
0.46582418746408943
0.4662309819480445
0.4666376950812377
0.4670443268799376
0.4674508773604093
0.467857346538915
0.4682637344317133
0.4686700410550599
0.469076266425207
0.46948241055840356
0.4698884734708954
0.47029445517892493
0.4707003556987316
0.4711061750465512
0.47151191323861674
0.47191757029115766
0.47232314622040017
0.47272864104256734
0.473134054773879
0.4735393874305517
0.4739446390287987
0.4743498095848301
0.47475489911485275
0.47515990763507016
0.4755648351616827
0.4759696817108875
0.47637444729887835
0.476779131941846
0.47718373565597777
0.4775882584574578
0.477992700362467
0.478397061387183
0.4788013415477804
0.47920554086043027
0.4796096593413006
0.48001369700655616
0.4804176538723584
0.48082152995486566
0.4812253252702329
0.48162903983461197
0.4820326736641515
0.48243622677499687
0.4828396991832901
0.48324309090517015
0.48364640195677266
0.48404963235423004
0.48445278211367154
0.4848558512512232
0.4852588397830078
0.48566174772514487
0.4860645750937507
0.4864673219049383
0.48686998817481764
0.4872725739194953
0.4876750791550748
0.48807750389765625
0.4884798481633368
0.4888821119682101
0.4892842953283666
0.48968639825989385
0.4900884207788759
0.4904903629013935
0.4908922246435245
0.4912940060213434
0.4916957070509213
0.4920973277483264
0.4924988681296234
0.492900328210874
0.49330170800813655
0.49370300753746627
0.49410422681491517
0.49450536585653204
0.4949064246783624
0.4953074032964485
0.49570830172682956
0.4961091199855416
0.49650985808861725
0.4969105160520861
0.49731109389197437
0.4977115916243053
0.49811200926509885
0.4985123468303717
0.4989126043361372
0.49931278179840577
0.4997128792331844
0.5001128966564771
0.5005128340842844
0.5009126915326039
0.5013124690174299
0.5017121665547535
0.5021117841605626
0.502511321850842
0.502910779641573
0.5033101575487342
0.5037094555883004
0.5041086737762438
0.5045078121285329
0.5049068706611334
0.5053058493900077
0.5057047483311146
0.5061035675004104
0.5065023069138477
0.5069009665873762
0.5072995465369421
0.5076980467784888
0.5080964673279563
0.5084948082012813
0.5088930694143975
0.5092912509832354
0.509689352923722
0.5100873752517816
0.5104853179833351
0.5108831811343002
0.5112809647205915
0.51167866875812
0.5120762932627941
0.512473838250519
0.5128713037371961
0.5132686897387243
0.513665996270999
0.5140632233499123
0.5144603709913534
0.5148574392112083
0.5152544280253596
0.5156513374496868
0.5160481675000664
0.5164449181923716
0.5168415895424723
0.5172381815662355
0.5176346942795248
0.5180311276982007
0.5184274818381207
0.5188237567151387
0.519219952345106
0.51961606874387
0.5200121059272758
0.5204080639111647
0.5208039427113749
0.5211997423437418
0.5215954628240973
0.5219911041682701
0.5223866663920859
0.5227821495113673
0.5231775535419335
0.5235728784996007
0.5239681244001817
0.5243632912594868
0.5247583790933223
0.525153387917492
0.525548317747796
0.5259431686000315
0.5263379404899926
0.5267326334334702
0.5271272474462521
0.5275217825441227
0.5279162387428635
0.5283106160582527
0.5287049145060654
0.5290991341020735
0.529493274862046
0.5298873368017483
0.5302813199369429
0.5306752242833893
0.5310690498568434
0.5314627966730584
0.5318564647477841
0.5322500540967673
0.5326435647357515
0.5330369966804771
0.5334303499466815
0.5338236245500987
0.5342168205064598
0.5346099378314925
0.5350029765409217
0.5353959366504688
0.5357888181758522
0.5361816211327872
0.5365743455369859
0.5369669914041573
0.5373595587500073
0.5377520475902385
0.5381444579405505
0.5385367898166398
0.5389290432341994
0.5393212182089198
0.5397133147564876
0.540105332892587
0.5404972726328985
0.5408891339930998
0.5412809169888653
0.5416726216358664
0.5420642479497711
0.5424557959462447
0.542847265640949
0.5432386570495429
0.5436299701876819
0.5440212050710186
0.5444123617152024
0.5448034401358797
0.5451944403486935
0.5455853623692838
0.5459762062132874
0.5463669718963382
0.5467576594340667
0.5471482688421005
0.547538800136064
0.5479292533315785
0.5483196284442619
0.5487099254897293
0.5491001444835925
0.5494902854414604
0.5498803483789386
0.5502703333116296
0.5506602402551328
0.5510500692250445
0.5514398202369578
0.5518294933064629
0.5522190884491467
0.5526086056805928
0.552998045016382
0.5533874064720918
0.5537766900632968
0.5541658958055683
0.5545550237144745
0.5549440738055806
0.5553330460944487
0.5557219405966374
0.5561107573277025
0.556499496303197
0.5568881575386699
0.5572767410496682
0.5576652468517349
0.5580536749604105
0.5584420253912318
0.5588302981597332
0.5592184932814452
0.5596066107718959
0.5599946506466099
0.560382612921109
0.5607704976109115
0.5611583047315326
0.5615460342984849
0.5619336863272776
0.5623212608334164
0.5627087578324045
0.5630961773397418
0.5634835193709252
0.5638707839414482
0.5642579710668015
0.5646450807624726
0.5650321130439457
0.5654190679267023
0.5658059454262204
0.5661927455579753
0.5665794683374389
0.5669661137800802
0.5673526819013648
0.5677391727167557
0.5681255862417123
0.5685119224916912
0.5688981814821461
0.5692843632285269
0.5696704677462812
0.570056495050853
0.5704424451576837
0.570828318082211
0.5712141138398699
0.5715998324460924
0.5719854739163068
0.5723710382659394
0.5727565255104122
0.573141935665145
0.573527268745554
0.5739125247670528
0.5742977037450514
0.5746828056949571
0.5750678306321739
0.5754527785721028
0.5758376495301417
0.5762224435216856
0.5766071605621262
0.5769918006668521
0.5773763638512488
0.577760850130699
0.5781452595205822
0.5785295920362745
0.5789138476931495
0.5792980265065772
0.579682128491925
0.5800661536645568
0.5804501020398337
0.5808339736331134
0.5812177684597509
0.5816014865350982
0.5819851278745038
0.5823686924933135
0.5827521804068697
0.5831355916305121
0.5835189261795771
0.5839021840693982
0.5842853653153054
0.5846684699326262
0.5850514979366845
0.5854344493428018
0.5858173241662957
0.5862001224224818
0.5865828441266714
0.586965489294174
0.5873480579402949
0.587730550080337
0.5881129657296001
0.5884953049033808
0.5888775676169724
0.5892597538856658
0.5896418637247481
0.590023897149504
0.5904058541752146
0.5907877348171584
0.5911695390906103
0.5915512670108428
0.5919329185931249
0.5923144938527225
0.5926959928048989
0.5930774154649139
0.5934587618480245
0.5938400319694844
0.5942212258445446
0.5946023434884528
0.5949833849164533
0.5953643501437882
0.595745239185696
0.5961260520574124
0.5965067887741698
0.5968874493511976
0.5972680338037224
0.5976485421469674
0.598028974396153
0.5984093305664966
0.5987896106732122
0.5991698147315112
0.5995499427566017
0.5999299947636887
0.6003099707679745
0.600689870784658
0.6010696948289352
0.6014494429159992
0.6018291150610398
0.6022087112792439
0.6025882315857956
0.6029676759958752
0.6033470445246607
0.603726337187327
0.6041055539990459
0.6044846949749857
0.6048637601303123
0.6052427494801882
0.605621663039773
0.6060005008242232
0.6063792628486925
0.606757949128331
0.6071365596782866
0.6075150945137034
0.607893553649723
0.6082719371014836
0.6086502448841206
0.6090284770127663
0.60940663350255
0.6097847143685979
0.6101627196260334
0.6105406492899764
0.6109185033755444
0.6112962818978516
0.6116739848720087
0.6120516123131244
0.6124291642363034
0.6128066406566479
0.613184041589257
0.6135613670492266
0.61393861705165
0.6143157916116169
0.6146928907442144
0.6150699144645264
0.6154468627876339
0.6158237357286149
0.6162005333025442
0.6165772555244937
0.6169539024095323
0.6173304739727261
0.6177069702291377
0.618083391193827
0.618459736881851
0.6188360073082633
0.6192122024881147
0.6195883224364533
0.6199643671683236
0.6203403366987675
0.6207162310428241
0.6210920502155288
0.6214677942319143
0.6218434631070106
0.6222190568558442
0.6225945754934391
0.622970019034816
0.6233453874949926
0.6237206808889836
0.6240958992318008
0.6244710425384528
0.6248461108239453
0.6252211041032814
0.6255960223914605
0.6259708657034794
0.6263456340543319
0.6267203274590086
0.6270949459324975
0.6274694894897831
0.627843958145847
0.6282183519156684
0.628592670814223
0.6289669148564833
0.629341084057419
0.6297151784319969
0.630089197995181
0.6304631427619319
0.6308370127472076
0.6312108079659627
0.6315845284331489
0.6319581741637152
0.6323317451726075
0.6327052414747684
0.6330786630851379
0.633452010018653
0.6338252822902473
0.6341984799148519
0.6345716029073947
0.6349446512828005
0.6353176250559914
0.6356905242418861
0.6360633488554008
0.6364360989114485
0.636808774424939
0.6371813754107793
0.6375539018838737
0.637926353859123
0.6382987313514253
0.6386710343756761
0.6390432629467669
0.6394154170795873
0.6397874967890234
0.6401595020899581
0.6405314329972719
0.6409032895258421
0.6412750716905429
0.6416467795062453
0.6420184129878179
0.6423899721501259
0.6427614570080319
0.6431328675763949
0.6435042038700717
0.6438754659039154
0.6442466536927769
0.6446177672515035
0.6449888065949398
0.6453597717379274
0.6457306626953045
0.6461014794819072
0.646472222112568
0.6468428906021167
0.6472134849653801
0.6475840052171817
0.6479544513723425
0.6483248234456803
0.6486951214520099
0.6490653454061434
0.6494354953228896
0.6498055712170546
0.6501755731034413
0.6505455009968502
0.6509153549120779
0.6512851348639186
0.6516548408671636
0.6520244729366013
0.6523940310870169
0.6527635153331925
0.6531329256899079
0.6535022621719393
0.6538715247940601
0.6542407135710409
0.654609828517649
0.6549788696486495
0.6553478369788036
0.65571673052287
0.6560855502956048
0.6564542963117603
0.6568229685860867
0.6571915671333308
0.6575600919682365
0.6579285431055449
0.6582969205599941
0.6586652243463189
0.6590334544792518
0.6594016109735219
0.6597696938438552
0.6601377031049752
0.6605056387716024
0.6608735008584542
0.661241289380245
0.661609004351686
0.6619766457874864
0.6623442137023516
0.6627117081109843
0.6630791290280844
0.6634464764683485
0.6638137504464706
0.6641809509771417
0.6645480780750498
0.6649151317548798
0.6652821120313142
0.665649018919032
0.6660158524327096
0.6663826125870201
0.6667492993966342
0.6671159128762192
0.6674824530404396
0.6678489199039571
0.6682153134814305
0.6685816337875153
0.6689478808368645
0.669314054644128
0.6696801552239524
0.6700461825909821
0.6704121367598581
0.6707780177452185
0.6711438255616986
0.6715095602239307
0.671875221746544
0.6722408101441653
0.672606325431418
0.6729717676229227
0.673337136733297
0.6737024327771558
0.6740676557691109
0.6744328057237713
0.6747978826557427
0.6751628865796284
0.6755278175100287
0.6758926754615405
0.6762574604487582
0.6766221724862734
0.6769868115886745
0.677351377770547
0.6777158710464737
0.6780802914310341
0.6784446389388051
0.6788089135843607
0.6791731153822718
0.6795372443471064
0.6799013004934298
0.6802652838358043
0.6806291943887891
0.6809930321669406
0.6813567971848125
0.6817204894569551
0.6820841089979163
0.682447655822241
0.6828111299444707
0.6831745313791446
0.6835378601407989
0.6839011162439664
0.6842642997031776
0.6846274105329597
0.6849904487478372
0.6853534143623315
0.6857163073909616
0.6860791278482429
0.6864418757486883
0.6868045511068078
0.6871671539371084
0.687529684254094
0.6878921420722659
0.6882545274061225
0.6886168402701591
0.6889790806788685
0.6893412486467398
0.6897033441882603
0.6900653673179135
0.6904273180501803
0.6907891963995388
0.6911510023804642
0.6915127360074287
0.6918743972949015
0.6922359862573493
0.6925975029092356
0.6929589472650209
0.6933203193391633
0.6936816191461174
0.6940428467003351
0.6944040020162657
0.6947650851083554
0.6951260959910475
0.6954870346787823
0.6958479011859976
0.6962086955271279
0.6965694177166052
0.6969300677688579
0.6972906456983125
0.6976511515193918
0.6980115852465162
0.698371946894103
0.6987322364765667
0.6990924540083188
0.699452599503768
0.6998126729773203
0.7001726744433785
0.7005326039163426
0.70089246141061
0.7012522469405748
0.7016119605206285
0.7019716021651594
0.7023311718885535
0.7026906697051936
0.7030500956294594
0.7034094496757279
0.7037687318583735
0.7041279421917673
0.7044870806902778
0.7048461473682706
0.7052051422401083
0.7055640653201507
0.7059229166227547
0.7062816961622743
0.7066404039530608
0.7069990400094623
0.7073576043458246
0.70771609697649
0.7080745179157983
0.7084328671780864
0.7087911447776881
0.7091493507289346
0.7095074850461541
0.709865547743672
0.7102235388358109
0.7105814583368903
0.7109393062612271
0.7112970826231352
0.7116547874369255
0.7120124207169063
0.7123699824773829
0.7127274727326578
0.7130848914970306
0.7134422387847982
0.7137995146102543
0.71415671898769
0.7145138519313934
0.7148709134556499
0.715227903574742
0.7155848223029491
0.7159416696545483
0.7162984456438133
0.716655150285015
0.7170117835924218
0.7173683455802988
0.7177248362629088
0.7180812556545113
0.7184376037693629
0.7187938806217177
0.7191500862258268
0.7195062205959383
0.7198622837462977
0.7202182756911474
0.7205741964447271
0.7209300460212738
0.7212858244350213
0.7216415317002008
0.7219971678310407
0.7223527328417662
0.7227082267466001
0.7230636495597619
0.7234190012954688
0.7237742819679348
0.7241294915913711
0.724484630179986
0.7248396977479852
0.7251946943095713
0.7255496198789442
0.7259044744703009
0.7262592580978356
0.7266139707757396
0.7269686125182014
0.7273231833394068
0.7276776832535385
0.7280321122747766
0.7283864704172982
0.7287407576952777
0.7290949741228865
0.7294491197142933
0.7298031944836638
0.7301571984451612
0.7305111316129457
0.7308649940011744
0.7312187856240021
0.7315725064955801
0.7319261566300576
0.7322797360415801
0.7326332447442911
0.7329866827523311
0.7333400500798374
0.7336933467409448
0.734046572749785
0.7343997281204873
0.7347528128671776
0.7351058270039795
0.7354587705450134
0.7358116435043973
0.7361644458962459
0.7365171777346713
0.7368698390337829
0.737222429807687
0.7375749500704876
0.7379273998362851
0.7382797791191775
0.7386320879332602
0.7389843262926253
0.7393364942113626
0.7396885917035587
0.7400406187832975
0.7403925754646601
0.7407444617617247
0.7410962776885668
0.7414480232592591
0.7417996984878713
0.7421513033884706
0.742502837975121
0.742854302261884
0.7432056962628181
0.743557019991979
0.7439082734634197
0.7442594566911904
0.7446105696893386
0.7449616124719085
0.7453125850529418
0.7456634874464777
0.7460143196665521
0.7463650817271983
0.7467157736424469
0.7470663954263256
0.747416947092859
0.7477674286560695
0.7481178401299761
0.7484681815285953
0.7488184528659408
0.7491686541560233
0.7495187854128511
0.7498688466504294
0.7502188378827607
0.7505687591238445
0.7509186103876777
0.7512683916882544
0.7516181030395658
0.7519677444556003
0.7523173159503437
0.7526668175377788
0.7530162492318855
0.7533656110466412
0.7537149029960205
0.7540641250939949
0.7544132773545333
0.7547623597916021
0.7551113724191642
0.7554603152511802
0.7558091883016078
0.756157991584402
0.756506725113515
0.7568553889028962
0.7572039829664918
0.7575525073182459
0.7579009619720993
0.7582493469419903
0.7585976622418541
0.7589459078856234
0.7592940838872281
0.7596421902605953
0.7599902270196491
0.760338194178311
0.7606860917504998
0.7610339197501315
0.7613816781911188
0.7617293670873724
0.7620769864527998
0.7624245363013057
0.762772016646792
0.7631194275031581
0.7634667688843002
0.7638140408041122
0.7641612432764849
0.7645083763153064
0.7648554399344621
0.7652024341478345
0.7655493589693032
0.7658962144127454
0.7662430004920352
0.7665897172210441
0.7669363646136407
0.7672829426836909
0.767629451445058
0.7679758909116021
0.7683222610971809
0.7686685620156493
0.7690147936808592
0.7693609561066599
0.7697070493068978
0.7700530732954168
0.770399028086058
0.7707449136926593
0.7710907301290562
0.7714364774090813
0.7717821555465646
0.7721277645553332
0.7724733044492115
0.7728187752420209
0.7731641769475806
0.7735095095797062
0.7738547731522114
0.7741999676789065
0.7745450931735995
0.7748901496500954
0.7752351371221962
0.7755800556037016
0.7759249051084083
0.7762696856501102
0.7766143972425986
0.776959039899662
0.7773036136350862
0.7776481184626539
0.7779925543961455
0.7783369214493383
0.7786812196360071
0.7790254489699239
0.7793696094648576
0.7797137011345746
0.7800577239928388
0.7804016780534111
0.7807455633300496
0.7810893798365098
0.7814331275865442
0.7817768065939026
0.7821204168723326
0.7824639584355784
0.7828074312973815
0.783150835471481
0.783494170971613
0.783837437811511
0.7841806360049056
0.7845237655655245
0.7848668265070932
0.785209818843334
0.7855527425879666
0.7858955977547081
0.7862383843572726
0.7865811024093714
0.7869237519247135
0.7872663329170048
0.7876088453999485
0.787951289387245
0.7882936648925922
0.7886359719296853
0.7889782105122162
0.7893203806538747
0.7896624823683474
0.7900045156693185
0.7903464805704695
0.7906883770854788
0.7910302052280221
0.7913719650117729
0.7917136564504013
0.792055279557575
0.792396834346959
0.7927383208322153
0.7930797390270038
0.7934210889449809
0.7937623705998005
0.7941035840051143
0.7944447291745703
0.7947858061218146
0.7951268148604904
0.7954677554042378
0.7958086277666945
0.7961494319614953
0.7964901680022727
0.7968308359026557
0.7971714356762712
0.7975119673367436
0.7978524308976936
0.7981928263727399
0.7985331537754984
0.7988734131195822
0.7992136044186016
0.7995537276861643
0.7998937829358752
0.8002337701813365
0.8005736894361476
0.8009135407139055
0.801253324028204
0.8015930393926347
0.8019326868207862
0.8022722663262442
0.802611777922592
0.8029512216234099
0.8032905974422758
0.8036299053927648
0.8039691454884491
0.8043083177428982
0.8046474221696792
0.8049864587823562
0.8053254275944906
0.8056643286196412
0.8060031618713642
0.8063419273632129
0.8066806251087376
0.8070192551214865
0.8073578174150047
0.8076963120028348
0.8080347388985165
0.8083730981155869
0.8087113896675803
0.8090496135680284
0.8093877698304601
0.8097258584684017
0.8100638794953768
0.8104018329249063
0.8107397187705082
0.811077537045698
0.8114152877639883
0.8117529709388893
0.8120905865839083
0.8124281347125499
0.812765615338316
0.8131030284747058
0.8134403741352157
0.81377765233334
0.8141148630825695
0.8144520063963925
0.8147890822882948
0.8151260907717597
0.8154630318602674
0.8157999055672953
0.8161367119063188
0.8164734508908096
0.8168101225342378
0.8171467268500701
0.8174832638517705
0.8178197335528006
0.8181561359666192
0.8184924711066822
0.8188287389864433
0.819164939619353
0.8195010730188595
0.8198371391984081
0.8201731381714412
0.8205090699513992
0.820844934551719
0.8211807319858353
0.8215164622671801
0.8218521254091826
0.8221877214252693
0.8225232503288638
0.8228587121333877
0.823194106852259
0.8235294344988936
0.8238646950867048
0.8241998886291029
0.8245350151394958
0.8248700746312884
0.8252050671178832
0.8255399926126797
0.8258748511290752
0.8262096426804639
0.8265443672802374
0.8268790249417848
0.8272136156784924
0.8275481395037435
0.8278825964309195
0.8282169864733986
0.8285513096445563
0.8288855659577654
0.8292197554263963
0.8295538780638166
0.8298879338833913
0.8302219228984825
0.8305558451224497
0.83088970056865
0.8312234892504373
0.8315572111811634
0.8318908663741772
0.8322244548428246
0.8325579766004493
0.8328914316603925
0.833224820035992
0.8335581417405833
0.8338913967874996
0.8342245851900708
0.8345577069616246
0.8348907621154859
0.8352237506649767
0.8355566726234167
0.8358895280041229
0.8362223168204093
0.8365550390855876
0.8368876948129667
0.8372202840158527
0.8375528067075493
0.8378852629013571
0.8382176526105748
0.8385499758484978
0.8388822326284189
0.8392144229636286
0.8395465468674141
0.8398786043530609
0.8402105954338509
0.8405425201230641
0.8408743784339769
0.8412061703798642
0.8415378959739976
0.841869555229646
0.8422011481600759
0.8425326747785508
0.8428641350983317
0.8431955291326771
0.843526856894843
0.8438581183980823
0.8441893136556456
0.8445204426807807
0.8448515054867326
0.845182502086744
0.8455134324940546
0.8458442967219016
0.8461750947835196
0.8465058266921406
0.8468364924609939
0.8471670921033061
0.8474976256323011
0.8478280930612004
0.8481584944032227
0.8484888296715837
0.8488190988794972
0.8491493020401739
0.8494794391668219
0.8498095102726466
0.850139515370851
0.8504694544746351
0.8507993275971965
0.8511291347517302
0.8514588759514286
0.851788551209481
0.8521181605390749
0.8524477039533943
0.852777181465621
0.8531065930889342
0.8534359388365105
0.8537652187215233
0.8540944327571441
0.8544235809565416
0.8547526633328815
0.855081679899327
0.8554106306690389
0.8557395156551753
0.8560683348708913
0.85639708832934
0.8567257760436716
0.8570543980270333
0.8573829542925702
0.8577114448534244
0.8580398697227356
0.858368228913641
0.8586965224392746
0.8590247503127684
0.8593529125472512
0.8596810091558499
0.860009040151688
0.8603370055478871
0.8606649053575656
0.8609927395938395
0.8613205082698222
0.8616482113986245
0.8619758489933543
0.8623034210671174
0.8626309276330166
0.8629583687041521
0.8632857442936215
0.86361305441452
0.8639402990799397
0.8642674783029707
0.8645945920967
0.8649216404742123
0.8652486234485893
0.8655755410329105
0.8659023932402525
0.8662291800836897
0.8665559015762931
0.8668825577311319
0.8672091485612721
0.8675356740797775
0.867862134299709
0.8681885292341254
0.868514858896082
0.8688411232986323
0.8691673224548268
0.8694934563777134
0.8698195250803373
0.8701455285757416
0.8704714668769662
0.8707973399970487
0.8711231479490241
0.8714488907459246
0.8717745684007799
0.8721001809266173
0.8724257283364611
0.8727512106433334
0.8730766278602532
0.8734019800002373
0.8737272670762999
0.8740524891014524
0.8743776460887036
0.8747027380510599
0.8750277650015251
0.8753527269531002
0.8756776239187835
0.876002455911571
0.876327222944456
0.8766519250304291
0.8769765621824785
0.8773011344135896
0.8776256417367453
0.877950084164926
0.8782744617111092
0.8785987743882702
0.8789230222093815
0.8792472051874128
0.8795713233353316
0.8798953766661026
0.880219365192688
0.8805432889280472
0.8808671478851373
0.8811909420769125
0.8815146715163245
0.8818383362163227
0.8821619361898536
0.8824854714498612
0.8828089420092871
0.8831323478810699
0.8834556890781458
0.8837789656134485
0.8841021774999089
0.8844253247504559
0.884748407378015
0.8850714253955096
0.8853943788158607
0.8857172676519862
0.8860400919168017
0.88636285162322
0.8866855467841517
0.8870081774125045
0.8873307435211837
0.8876532451230918
0.8879756822311291
0.8882980548581929
0.8886203630171783
0.8889426067209774
0.88926478598248
0.8895869008145735
0.8899089512301421
0.8902309372420681
0.8905528588632309
0.8908747161065073
0.8911965089847715
0.8915182375108954
0.8918399016977482
0.8921615015581962
0.8924830371051035
0.8928045083513316
0.8931259153097394
0.893447257993183
0.8937685364145164
0.8940897505865903
0.8944109005222537
0.8947319862343522
0.8950530077357297
0.8953739650392266
0.8956948581576816
0.89601568710393
0.8963364518908052
0.8966571525311379
0.8969777890377558
0.8972983614234847
0.8976188697011472
0.897939313883564
0.8982596939835525
0.8985800100139281
0.8989002619875034
0.8992204499170885
0.899540573815491
0.8998606336955157
0.900180629569965
0.9005005614516388
0.9008204293533345
0.9011402332878465
0.9014599732679671
0.9017796493064859
0.90209926141619
0.902418809609864
0.9027382939002895
0.9030577143002462
0.9033770708225107
0.9036963634798574
0.9040155922850579
0.9043347572508815
0.9046538583900947
0.9049728957154614
0.9052918692397433
0.9056107789756993
0.9059296249360859
0.9062484071336567
0.9065671255811633
0.906885780291354
0.9072043712769754
0.9075228985507711
0.9078413621254817
0.9081597620138463
0.9084780982286007
0.9087963707824783
0.9091145796882101
0.9094327249585243
0.9097508066061469
0.9100688246438011
0.9103867790842075
0.9107046699400844
0.9110224972241474
0.9113402609491097
0.9116579611276817
0.9119755977725716
0.9122931708964848
0.9126106805121241
0.91292812663219
0.9132455092693803
0.9135628284363903
0.9138800841459127
0.9141972764106379
0.9145144052432533
0.9148314706564444
0.9151484726628937
0.9154654112752812
0.9157822865062847
0.9160990983685788
0.9164158468748361
0.9167325320377268
0.917049153869918
0.917365712384075
0.9176822075928599
0.9179986395089325
0.9183150081449498
0.9186313135135669
0.9189475556274358
0.9192637344992063
0.9195798501415257
0.9198959025670383
0.9202118917883865
0.9205278178182097
0.920843680669145
0.9211594803538269
0.9214752168848873
0.9217908902749558
0.9221065005366591
0.9224220476826218
0.9227375317254659
0.9230529526778106
0.9233683105522728
0.9236836053614668
0.9239988371180043
0.9243140058344947
0.9246291115235448
0.9249441541977587
0.9252591338697381
0.9255740505520823
0.9258889042573878
0.9262036949982488
0.926518422787257
0.9268330876370015
0.9271476895600688
0.9274622285690431
0.9277767046765061
0.9280911178950365
0.928405468237211
0.9287197557156037
0.929033980342786
0.9293481421313268
0.9296622410937927
0.9299762772427477
0.9302902505907531
0.930604161150368
0.9309180089341488
0.9312317939546493
0.9315455162244209
0.9318591757560126
0.9321727725619707
0.9324863066548391
0.9327997780471591
0.9331131867514696
0.9334265327803071
0.9337398161462052
0.9340530368616954
0.9343661949393064
0.9346792903915647
0.934992323230994
0.9353052934701157
0.9356182011214484
0.9359310461975087
0.93624382871081
0.9365565486738641
0.9368692060991796
0.9371818009992626
0.9374943333866171
0.9378068032737444
0.9381192106731432
0.9384315555973098
0.9387438380587381
0.9390560580699193
0.9393682156433424
0.9396803107914935
0.9399923435268565
0.9403043138619125
0.9406162218091405
0.9409280673810169
0.9412398505900152
0.9415515714486071
0.9418632299692613
0.9421748261644441
0.9424863600466195
0.9427978316282486
0.9431092409217904
0.9434205879397013
0.9437318726944353
0.9440430951984434
0.9443542554641748
0.944665353504076
0.9449763893305907
0.9452873629561602
0.9455982743932237
0.9459091236542179
0.9462199107515764
0.9465306356977308
0.9468412985051099
0.9471518991861406
0.9474624377532467
0.9477729142188497
0.9480833285953687
0.9483936808952202
0.9487039711308185
0.9490141993145751
0.9493243654588991
0.9496344695761971
0.9499445116788735
0.9502544917793297
0.9505644098899652
0.9508742660231765
0.9511840601913579
0.9514937924069011
0.9518034626821955
0.9521130710296278
0.9524226174615825
0.9527321019904414
0.9530415246285837
0.9533508853883865
0.9536601842822242
0.9539694213224688
0.9542785965214897
0.954587709891654
0.954896761445326
0.9552057511948681
0.9555146791526397
0.9558235453309979
0.9561323497422974
0.9564410923988904
0.9567497733131266
0.9570583924973532
0.9573669499639151
0.9576754457251544
0.957983879793411
0.9582922521810224
0.9586005629003235
0.9589088119636464
0.9592169993833214
0.9595251251716757
0.9598331893410346
0.9601411919037205
0.9604491328720535
0.9607570122583513
0.9610648300749293
0.9613725863340999
0.9616802810481736
0.9619879142294581
0.9622954858902585
0.9626029960428779
0.9629104446996165
0.9632178318727725
0.9635251575746413
0.9638324218175158
0.9641396246136869
0.9644467659754424
0.9647538459150682
0.9650608644448472
0.9653678215770604
0.9656747173239859
0.9659815516978997
0.9662883247110748
0.9665950363757827
0.9669016867042916
0.9672082757088674
0.9675148034017738
0.9678212697952718
0.9681276749016202
0.9684340187330751
0.9687403013018904
0.9690465226203171
0.9693526827006043
0.9696587815549983
0.9699648191957432
0.9702707956350803
0.9705767108852489
0.9708825649584855
0.9711883578670241
0.9714940896230966
0.9717997602389322
0.9721053697267578
0.9724109180987976
0.972716405367274
0.973021831544406
0.973327196642411
0.9736325006735032
0.9739377436498949
0.974242925583796
0.9745480464874138
0.974853106372953
0.9751581052526159
0.9754630431386028
0.9757679200431107
0.9760727359783352
0.9763774909564688
0.9766821849897015
0.9769868180902213
0.9772913902702132
0.9775959015418604
0.9779003519173431
0.9782047414088397
0.9785090700285254
0.9788133377885735
0.9791175447011548
0.9794216907784374
0.9797257760325871
0.9800298004757675
0.9803337641201394
0.9806376669778615
0.9809415090610899
0.9812452903819783
0.9815490109526778
0.9818526707853373
0.9821562698921033
0.9824598082851197
0.9827632859765281
0.9830667029784674
0.9833700593030746
0.9836733549624838
0.9839765899688268
0.9842797643342328
0.9845828780708291
0.9848859311907402
0.9851889237060881
0.9854918556289927
0.9857947269715709
0.9860975377459379
0.9864002879642061
0.9867029776384854
0.9870056067808836
0.9873081754035055
0.9876106835184539
0.9879131311378295
0.98821551827373
0.9885178449382508
0.9888201111434852
0.9891223169015236
0.9894244622244543
0.989726547124363
0.9900285716133332
0.9903305357034461
0.9906324394067798
0.990934282735411
0.9912360657014131
0.9915377883168575
0.9918394505938127
0.9921410525443459
0.9924425941805208
0.9927440755143991
0.9930454965580403
0.9933468573235009
0.9936481578228354
0.9939493980680959
0.9942505780713319
0.9945516978445907
0.9948527573999172
0.9951537567493535
0.99545469590494
0.9957555748787138
0.9960563936827103
0.9963571523289623
0.9966578508295001
0.9969584891963517
0.9972590674415422
0.9975595855770953
0.9978600436150317
0.9981604415673692
0.9984607794461241
0.99876105726331
0.9990612750309378
0.9993614327610162
0.9996615304655517
0.9999615681565482
1.0002615458460071
1.0005614635459277
1.0008613212683066
1.0011611190251382
1.001460856828414
1.0017605346901235
1.0020601526222541
1.0023597106367907
1.0026592087457156
1.0029586469610083
1.0032580252946466
1.0035573437586056
1.0038566023648583
1.0041558011253748
1.0044549400521232
1.0047540191570687
1.0050530384521748
1.0053519979494019
1.0056508976607086
1.0059497375980513
1.006248517773383
1.0065472381986553
1.0068458988858169
1.007144499846814
1.0074430410935908
1.0077415226380888
1.0080399444922479
1.0083383066680043
1.0086366091772927
1.0089348520320451
1.0092330352441914
1.009531158825659
1.0098292227883727
1.0101272271442552
1.0104251719052266
1.0107230570832044
1.0110208826901042
1.0113186487378392
1.0116163552383197
1.0119140022034543
1.0122115896451487
1.0125091175753065
1.012806586005829
1.0131039949486147
1.0134013444155598
1.0136986344185586
1.0139958649695027
1.0142930360802809
1.0145901477627806
1.0148872000288858
1.0151841928904786
1.0154811263594392
1.0157780004476447
1.0160748151669698
1.0163715705292875
1.0166682665464677
1.0169649032303785
1.0172614805928848
1.0175579986458503
1.0178544574011357
1.0181508568705993
1.0184471970660967
1.0187434779994817
1.0190396996826059
1.0193358621273179
1.019631965345464
1.0199280093488883
1.020223994149433
1.0205199197589374
1.0208157861892386
1.021111593452171
1.0214073415595668
1.0217030305232566
1.021998660355067
1.0222942310668237
1.0225897426703499
1.0228851951774653
1.0231805885999887
1.0234759229497354
1.0237711982385185
1.0240664144781493
1.0243615716804366
1.0246566698571866
1.0249517090202036
1.0252466891812886
1.025541610352241
1.0258364725448577
1.0261312757709333
1.02642602004226
1.0267207053706269
1.027015331767822
1.0273098992456302
1.0276044078158344
1.0278988574902148
1.0281932482805491
1.0284875801986133
1.028781853256181
1.0290760674650226
1.0293702228369066
1.0296643193835997
1.0299583571168651
1.0302523360484648
1.030546256190158
1.0308401175537012
1.0311339201508491
1.031427663993354
1.031721349092965
1.0320149754614298
1.032308543110494
1.032602052051899
1.0328955022973867
1.0331888938586946
1.033482226747558
1.0337755009757101
1.0340687165548823
1.034361873496803
1.0346549718131988
1.0349480115157936
1.0352409926163084
1.035533915126463
1.0358267790579745
1.0361195844225568
1.0364123312319224
1.0367050194977814
1.0369976492318407
1.0372902204458059
1.0375827331513803
1.0378751873602639
1.0381675830841548
1.0384599203347489
1.03875219912374
1.039044419462819
1.0393365813636746
1.0396286848379936
1.03992072989746
1.0402127165537556
1.0405046448185595
1.0407965147035496
1.0410883262204
1.0413800793807835
1.04167177419637
1.0419634106788274
1.0422549888398212
1.0425465086910148
1.0428379702440689
1.0431293735106415
1.043420718502389
1.0437120052309652
1.0440032337080216
1.0442944039452076
1.04458551595417
1.0448765697465527
1.0451675653339987
1.0454585027281469
1.0457493819406354
1.0460402029830993
1.0463309658671713
1.0466216706044817
1.0469123172066592
1.0472029056853294
1.0474934360521158
1.0477839083186398
1.04807432249652
1.0483646785973735
1.048654976632814
1.0489452166144535
1.0492353985539018
1.0495255224627662
1.0498155883526517
1.0501055962351604
1.0503955461218935
1.0506854380244481
1.0509752719544203
1.0512650479234038
1.051554765942989
1.0518444260247652
1.0521340281803182
1.0524235724212327
1.0527130587590903
1.0530024872054704
1.05329185777195
1.0535811704701037
1.0538704253115045
1.0541596223077225
1.0544487614703253
1.0547378428108787
1.0550268663409457
1.055315832072088
1.0556047400158632
1.0558935901838284
1.0561823825875372
1.0564711172385413
1.0567597941483904
1.0570484133286315
1.0573369747908092
1.0576254785464658
1.057913924607142
1.0582023129843754
1.0584906436897012
1.0587789167346533
1.0590671321307619
1.0593552898895557
1.059643390022562
1.0599314325413036
1.0602194174573025
1.0605073447820783
1.0607952145271484
1.061083026704027
1.061370781324227
1.0616584783992584
1.061946117940629
1.0622336999598447
1.0625212244684084
1.0628086914778212
1.063096100999582
1.0633834530451869
1.06367074762613
1.0639579847539038
1.064245164439997
1.064532286695897
1.0648193515330886
1.0651063589630545
1.0653933089972751
1.0656802016472282
1.0659670369243897
1.0662538148402327
1.0665405354062285
1.066827198633846
1.0671138045345518
1.06740035311981
1.0676868444010823
1.0679732783898288
1.0682596550975068
1.0685459745355712
1.0688322367154746
1.0691184416486679
1.0694045893465993
1.0696906798207144
1.069976713082457
1.0702626891432685
1.0705486080145874
1.0708344697078513
1.071120274234494
1.0714060216059484
1.0716917118336435
1.0719773449290075
1.0722629209034658
1.072548439768441
1.072833901535354
1.0731193062156237
1.073404653820666
1.0736899443618946
1.0739751778507212
1.0742603542985556
1.0745454737168043
1.0748305361168724
1.0751155415101623
1.075400489908074
1.075685381322006
1.0759702157633533
1.0762549932435095
1.076539713773866
1.076824377365811
1.0771089840307317
1.0773935337800122
1.0776780266250343
1.0779624625771778
1.0782468416478201
1.0785311638483364
1.0788154291900998
1.079099637684481
1.079383789342848
1.079667884176567
1.0799519221970015
1.0802359034155136
1.080519827843462
1.080803695492204
1.081087506373094
1.0813712604974848
1.0816549578767265
1.0819385985221672
1.082222182445152
1.0825057096570245
1.0827891801691256
1.0830725939927948
1.0833559511393678
1.0836392516201794
1.0839224954465614
1.0842056826298438
1.084488813181354
1.0847718871124172
1.0850549044343563
1.0853378651584917
1.0856207692961424
1.0859036168586245
1.0861864078572514
1.0864691423033352
1.0867518202081854
1.0870344415831086
1.0873170064394102
1.0875995147883923
1.0878819666413557
1.0881643620095982
1.0884467009044156
1.0887289833371017
1.0890112093189477
1.0892933788612424
1.089575491975273
1.0898575486723237
1.0901395489636767
1.0904214928606122
1.090703380374408
1.0909852115163396
1.0912669862976805
1.0915487047297012
1.0918303668236709
1.0921119725908555
1.0923935220425194
1.092675015189925
1.0929564520443313
1.0932378326169967
1.093519156919176
1.093800424962122
1.0940816367570856
1.0943627923153152
1.0946438916480572
1.0949249347665555
1.0952059216820518
1.0954868524057857
1.0957677269489943
1.0960485453229125
1.0963293075387728
1.096610013607806
1.0968906635412408
1.0971712573503027
1.0974517950462157
1.0977322766402007
1.0980127021434776
1.0982930715672632
1.0985733849227726
1.0988536422212176
1.099133843473809
1.0994139886917549
1.099694077886261
1.099974111068531
1.100254088249766
1.1005340094411653
1.1008138746539258
1.1010936838992416
1.1013734371883057
1.101653134532308
1.1019327759424362
1.1022123614298767
1.102491891005812
1.1027713646814234
1.1030507824678903
1.1033301443763892
1.1036094504180947
1.1038887006041789
1.1041678949458118
1.1044470334541612
1.1047261161403927
1.1050051430156695
1.1052841140911531
1.1055630293780019
1.1058418888873727
1.1061206926304197
1.106399440618295
1.1066781328621489
1.1069567693731288
1.1072353501623804
1.1075138752410467
1.1077923446202689
1.1080707583111855
1.1083491163249333
1.1086274186726468
1.1089056653654576
1.1091838564144958
1.1094619918308892
1.1097400716257633
1.110018095810241
1.1102960643954431
1.1105739773924888
1.1108518348124945
1.1111296366665746
1.1114073829658409
1.111685073721403
1.1119627089443693
1.112240288645845
1.112517812836933
1.1127952815287343
1.1130726947323475
1.1133500524588695
1.1136273547193947
1.113904601525015
1.11418179288682
1.114458928815898
1.1147360093233338
1.1150130344202112
1.1152900041176108
1.1155669184266113
1.1158437773582892
1.1161205809237194
1.1163973291339735
1.1166740220001221
1.1169506595332328
1.1172272417443707
1.117503768644599
1.117780240244979
1.1180566565565697
1.1183330175904276
1.1186093233576073
1.118885573869161
1.1191617691361389
1.1194379091695883
1.1197139939805552
1.1199900235800826
1.120265997979212
1.120541917188982
1.1208177812204303
1.1210935900845904
1.1213693437924952
1.121645042355175
1.1219206857836574
1.1221962740889684
1.1224718072821314
1.1227472853741678
1.1230227083760964
1.1232980762989349
1.1235733891536972
1.1238486469513964
1.1241238497030424
1.1243989974196433
1.1246740901122056
1.1249491277917327
1.125224110469226
1.1254990381556846
1.125773910862106
1.126048728599485
1.1263234913788143
1.1265981992110843
1.1268728521072837
1.127147450078398
1.1274219931354117
1.1276964812893062
1.1279709145510608
1.1282452929316535
1.128519616442059
1.1287938850932504
1.129068098896198
1.1293422578618713
1.129616362001236
1.1298904113252566
1.1301644058448945
1.1304383455711102
1.1307122305148607
1.1309860606871016
1.1312598360987862
1.1315335567608658
1.1318072226842888
1.132080833880002
1.1323543903589497
1.132627892132074
1.1329013392103155
1.133174731604612
1.133448069325899
1.13372135238511
1.1339945807931764
1.1342677545610274
1.1345408736995897
1.1348139382197884
1.1350869481325456
1.1353599034487825
1.1356328041794166
1.1359056503353642
1.1361784419275391
1.1364511789668534
1.1367238614642161
1.1369964894305347
1.1372690628767141
1.1375415818136574
1.1378140462522657
1.138086456203437
1.1383588116780679
1.1386311126870525
1.1389033592412834
1.1391755513516497
1.1394476890290397
1.1397197722843389
1.13999180112843
1.140263775572195
1.1405356956265122
1.140807561302259
1.1410793726103097
1.1413511295615366
1.14162283216681
1.1418944804369984
1.1421660743829674
1.1424376140155812
1.1427090993457005
1.1429805303841856
1.1432519071418934
1.143523229629679
1.1437944978583954
1.1440657118388933
1.1443368715820208
1.144607977098625
1.14487902839955
1.1451500254956375
1.1454209683977277
1.145691857116658
1.1459626916632646
1.1462334720483804
1.1465041982828363
1.1467748703774618
1.147045488343084
1.1473160521905272
1.147586561930614
1.1478570175741651
1.1481274191319981
1.1483977666149296
1.1486680600337735
1.1489382993993418
1.1492084847224437
1.1494786160138868
1.149748693284476
1.1500187165450144
1.1502886858063035
1.1505586010791415
1.1508284623743255
1.1510982697026495
1.1513680230749062
1.1516377225018855
1.1519073679943752
1.1521769595631615
1.152446497219028
1.152715980972756
1.1529854108351252
1.1532547868169127
1.1535241089288935
1.1537933771818403
1.154062591586524
1.1543317521537129
1.1546008588941739
1.154869911818671
1.1551389109379662
1.15540785626282
1.1556767478039898
1.1559455855722316
1.1562143695782985
1.1564830998329423
1.1567517763469117
1.157020399130954
1.1572889681958143
1.1575574835522349
1.157825945210957
1.1580943531827188
1.1583627074782565
1.1586310081083047
1.158899255083595
1.1591674484148575
1.15943558811282
1.1597036741882076
1.1599717066517445
1.1602396855141517
1.160507610786148
1.160775482478451
1.1610433006017755
1.1613110651668337
1.1615787761843366
1.1618464336649925
1.1621140376195078
1.1623815880585866
1.162649084992931
1.1629165284332408
1.1631839183902142
1.1634512548745461
1.1637185378969304
1.1639857674680583
1.1642529435986189
1.1645200662992992
1.1647871355807842
1.165054151453757
1.165321113928898
1.1655880230168854
1.165854878728396
1.166121681074104
1.1663884300646812
1.166655125710798
1.166921768023122
1.167188357012319
1.1674548926890522
1.1677213750639837
1.167987804147772
1.168254179951075
1.1685205024845473
1.1687867717588418
1.1690529877846096
1.1693191505724991
1.1695852601331567
1.169851316477227
1.1701173196153527
1.1703832695581733
1.1706491663163268
1.1709150099004493
1.1711808003211746
1.1714465375891343
1.1717122217149578
1.1719778527092723
1.1722434305827036
1.1725089553458745
1.1727744270094058
1.1730398455839166
1.1733052110800235
1.1735705235083413
1.1738357828794828
1.1741009892040575
1.1743661424926743
1.1746312427559396
1.1748962900044568
1.1751612842488282
1.1754262254996533
1.1756911137675297
1.1759559490630533
1.1762207313968172
1.1764854607794129
1.1767501372214295
1.177014760733454
1.1772793313260719
1.1775438490098653
1.1778083137954152
1.1780727256933006
1.1783370847140973
1.1786013908683801
1.178865644166721
1.1791298446196903
1.179393992237856
1.1796580870317839
1.179922129012038
1.18018611818918
1.180450054573769
1.180713938176363
1.1809777690075174
1.181241547077785
1.181505272397717
1.1817689449778628
1.1820325648287693
1.182296131960981
1.1825596463850407
1.1828231081114888
1.183086517150864
1.183349873513703
1.1836131772105394
1.1838764282519056
1.1841396266483317
1.184402772410346
1.1846658655484739
1.184928906073239
1.1851918939951633
1.1854548293247662
1.185717712072565
1.1859805422490755
1.1862433198648104
1.1865060449302807
1.1867687174559958
1.1870313374524626
1.1872939049301856
1.187556419899668
1.18781888237141
1.1880812923559103
1.1883436498636653
1.1886059549051693
1.1888682074909143
1.1891304076313904
1.189392555337086
1.1896546506184869
1.1899166934860768
1.1901786839503374
1.1904406220217483
1.1907025077107871
1.1909643410279294
1.1912261219836482
1.1914878505884152
1.1917495268526994
1.1920111507869675
1.192272722401685
1.1925342417073144
1.1927957087143166
1.1930571234331504
1.1933184858742723
1.1935797960481367
1.193841053965196
1.1941022596359008
1.194363413070699
1.1946245142800371
1.194885563274359
1.1951465600641067
1.1954075046597201
1.1956683970716369
1.1959292373102925
1.1961900253861213
1.1964507613095547
1.1967114450910221
1.1969720767409504
1.1972326562697653
1.1974931836878895
1.1977536590057445
1.198014082233749
1.1982744533823204
1.1985347724618733
1.1987950394828204
1.1990552544555724
1.1993154173905383
1.199575528298124
1.1998355871887343
1.2000955940727718
1.2003555489606363
1.2006154518627266
1.200875302789438
1.2011351017511653
1.2013948487583002
1.2016545438212325
1.20191418695035
1.2021737781560387
1.2024333174486819
1.2026928048386614
1.2029522403363566
1.2032116239521453
1.2034709556964025
1.2037302355795017
1.2039894636118138
1.2042486398037082
1.2045077641655517
1.2047668367077096
1.2050258574405444
1.2052848263744174
1.2055437435196872
1.2058026088867104
1.2060614224858417
1.2063201843274338
1.2065788944218367
1.2068375527793995
1.2070961594104679
1.2073547143253864
1.2076132175344976
1.2078716690481412
1.2081300688766556
1.2083884170303765
1.2086467135196377
1.2089049583547715
1.2091631515461077
1.2094212931039734
1.2096793830386952
1.2099374213605962
1.210195408079998
1.21045334320722
1.2107112267525797
1.2109690587263926
1.2112268391389718
1.2114845680006285
1.2117422453216722
1.2119998711124096
1.2122574453831458
1.2125149681441838
1.2127724394058248
1.2130298591783675
1.2132872274721087
1.2135445442973432
1.2138018096643635
1.2140590235834603
1.214316186064922
1.2145732971190357
1.2148303567560852
1.2150873649863532
1.2153443218201203
1.2156012272676644
1.2158580813392617
1.2161148840451863
1.216371635395711
1.2166283354011052
1.216884984071637
1.2171415814175728
1.2173981274491759
1.2176546221767084
1.2179110656104304
1.2181674577605994
1.2184237986374709
1.218680088251299
1.218936326612335
1.2191925137308284
1.2194486496170267
1.2197047342811758
1.2199607677335185
1.2202167499842962
1.2204726810437487
1.220728560922113
1.2209843896296242
1.2212401671765154
1.221495893573018
1.221751568829361
1.2220071929557712
1.2222627659624739
1.2225182878596916
1.2227737586576457
1.2230291783665548
1.2232845469966358
1.223539864558103
1.2237951310611697
1.2240503465160466
1.224305510932942
1.2245606243220626
1.2248156866936128
1.2250706980577954
1.225325658424811
1.2255805678048572
1.2258354262081315
1.2260902336448276
1.2263449901251378
1.2265996956592522
1.2268543502573597
1.2271089539296463
1.2273635066862958
1.2276180085374904
1.2278724594934103
1.2281268595642336
1.228381208760136
1.2286355070912918
1.2288897545678727
1.2291439512000493
1.2293980969979885
1.229652191971857
1.2299062361318183
1.2301602294880338
1.230414172050664
1.2306680638298664
1.2309219048357962
1.2311756950786077
1.231429434568452
1.231683123315479
1.2319367613298358
1.2321903486216685
1.2324438852011204
1.2326973710783329
1.2329508062634456
1.2332041907665956
1.2334575245979187
1.233710807767548
1.2339640402856153
1.2342172221622492
1.2344703534075776
1.2347234340317255
1.2349764640448162
1.235229443456971
1.235482372278309
1.2357352505189474
1.2359880781890014
1.2362408552985837
1.2364935818578058
1.236746257876777
1.2369988833656038
1.2372514583343917
1.2375039827932435
1.2377564567522603
1.238008880221541
1.2382612532111825
1.2385135757312797
1.238765847791926
1.2390180694032118
1.239270240575226
1.2395223613180555
1.2397744316417854
1.2400264515564983
1.240278421072275
1.2405303401991945
1.2407822089473333
1.2410340273267666
1.2412857953475667
1.2415375130198045
1.2417891803535486
1.2420407973588659
1.2422923640458212
1.242543880424477
1.242795346504894
1.2430467622971308
1.243298127811244
1.2435494430572884
1.2438007080453164
1.244051922785379
1.2443030872875245
1.2445542015617999
1.2448052656182493
1.2450562794669155
1.2453072431178391
1.2455581565810585
1.2458090198666105
1.2460598329845294
1.246310595944848
1.2465613087575966
1.246811971432804
1.2470625839804967
1.247313146410699
1.2475636587334336
1.2478141209587208
1.2480645330965792
1.2483148951570253
1.2485652071500737
1.2488154690857367
1.249065680974025
1.249315842824947
1.2495659546485092
1.2498160164547165
1.2500660282535707
1.2503159900550724
1.2505659018692206
1.250815763706011
1.251065575575439
1.2513153374874968
1.2515650494521748
1.2518147114794616
1.2520643235793432
1.2523138857618048
1.2525633980368283
1.2528128604143944
1.253062272904482
1.253311635517067
1.2535609482621248
1.2538102111496272
1.2540594241895449
1.2543085873918463
1.254557700766498
1.254806764323465
1.2550557780727096
1.2553047420241925
1.255553656187872
1.255802520573705
1.2560513351916454
1.2563001000516463
1.2565488151636584
1.2567974805376303
1.2570460961835084
1.2572946621112377
1.2575431783307607
1.257791644852018
1.2580400616849485
1.2582884288394884
1.2585367463255728
1.2587850141531347
1.2590332323321045
1.2592814008724107
1.2595295197839802
1.259777589076738
1.2600256087606065
1.260273578845507
1.2605214993413583
1.2607693702580771
1.2610171916055783
1.2612649633937747
1.261512685632577
1.261760358331894
1.2620079815016332
1.2622555551516992
1.2625030792919951
1.2627505539324217
1.2629979790828783
1.2632453547532616
1.2634926809534668
1.2637399576933872
1.2639871849829136
1.2642343628319355
1.2644814912503395
1.2647285702480109
1.264975599834833
1.265222580020687
1.2654695108154526
1.2657163922290062
1.2659632242712235
1.266210006951978
1.2664567402811406
1.2667034242685808
1.266950058924166
1.2671966442577618
1.2674431802792314
1.2676896669984363
1.2679361044252362
1.2681824925694885
1.2684288314410488
1.2686751210497706
1.2689213614055055
1.2691675525181032
1.2694136943974113
1.2696597870532755
1.2699058304955393
1.270151824734045
1.2703977697786322
1.2706436656391382
1.2708895123253996
1.27113530984725
1.2713810582145213
1.2716267574370435
1.2718724075246444
1.2721180084871502
1.272363560334385
1.272609063076171
1.2728545167223282
1.273099921282675
1.273345276767027
1.273590583185199
1.273835840547003
1.2740810488622494
1.2743262081407467
1.2745713183923013
1.2748163796267173
1.2750613918537976
1.2753063550833423
1.2755512693251503
1.2757961345890179
1.27604095088474
1.2762857182221092
1.2765304366109165
1.27677510606095
1.2770197265819971
1.2772642981838425
1.2775088208762688
1.2777532946690573
1.2779977195719867
1.2782420955948344
1.278486422747375
1.2787307010393818
1.2789749304806262
1.2792191110808768
1.2794632428499013
1.2797073257974652
1.2799513599333314
1.2801953452672619
1.2804392818090151
1.2806831695683494
1.2809270085550202
1.281170798778781
1.2814145402493833
1.2816582329765764
1.281901876970109
1.282145472239726
1.2823890187951719
1.2826325166461883
1.2828759658025153
1.2831193662738907
1.2833627180700504
1.283606021200729
1.2838492756756583
1.2840924815045687
1.284335638697188
1.284578747263243
1.2848218072124584
1.2850648185545557
1.285307781299256
1.2855506954562776
1.2857935610353375
1.2860363780461495
1.286279146498427
1.2865218664018805
1.286764537766219
1.2870071606011493
1.2872497349163763
1.2874922607216033
1.287734738026531
1.2879771668408586
1.2882195471742834
1.2884618790365006
1.2887041624372033
1.2889463973860833
1.2891885838928296
1.2894307219671297
1.2896728116186698
1.289914852857133
1.2901568456922008
1.2903987901335534
1.2906406861908681
1.2908825338738215
1.2911243331920865
1.2913660841553358
1.2916077867732392
1.2918494410554653
1.2920910470116802
1.2923326046515478
1.2925741139847304
1.292815575020889
1.2930569877696814
1.2932983522407644
1.2935396684437925
1.293780936388419
1.2940221560842937
1.2942633275410662
1.294504450768383
1.2947455257758893
1.2949865525732278
1.2952275311700399
1.2954684615759644
1.295709343800639
1.2959501778536988
1.2961909637447773
1.296431701483506
1.2966723910795142
1.2969130325424294
1.2971536258818774
1.2973941711074828
1.2976346682288664
1.2978751172556489
1.2981155181974477
1.298355871063879
1.298596175864557
1.298836432609094
1.2990766413071
1.2993168019681838
1.2995569146019517
1.299796979218008
1.3000369958259557
1.3002769644353953
1.3005168850559259
1.3007567576971437
1.300996582368644
1.30123635908002
1.3014760878408624
1.3017157686607608
1.3019554015493022
1.3021949865160718
1.3024345235706538
1.3026740127226288
1.302913453981577
1.3031528473570757
1.3033921928587011
1.3036314904960267
1.3038707402786247
1.304109942216065
1.3043490963179154
1.3045882025937425
1.3048272610531104
1.3050662717055816
1.3053052345607163
1.3055441496280733
1.3057830169172093
1.306021836437679
1.3062606081990351
1.306499332210829
1.3067380084826088
1.3069766370239222
1.307215217844314
1.3074537509533277
1.3076922363605048
1.3079306740753844
1.3081690641075048
1.3084074064664009
1.3086457011616066
1.3088839482026537
1.3091221475990722
1.3093602993603901
1.3095984034961337
1.3098364600158268
1.3100744689289916
1.310312430245149
1.3105503439738173
1.3107882101245132
1.3110260287067512
1.3112637997300443
1.3115015232039031
1.3117391991378367
1.3119768275413521
1.3122144084239546
1.3124519417951477
1.3126894276644323
1.312926866041308
1.3131642569352722
1.313401600355821
1.3136388963124483
1.3138761448146454
1.3141133458719028
1.314350499493708
1.314587605689548
1.3148246644689066
1.3150616758412659
1.3152986398161066
1.3155355564029079
1.3157724256111454
1.3160092474502947
1.3162460219298284
1.316482749059218
1.316719428847932
1.316956061305438
1.3171926464412016
1.3174291842646855
1.3176656747853521
1.3179021180126602
1.3181385139560682
1.318374862625032
1.318611164029005
1.31884741817744
1.3190836250797868
1.3193197847454938
1.3195558971840076
1.3197919624047725
1.320027980417231
1.3202639512308245
1.3204998748549912
1.320735751299168
1.3209715805727904
1.3212073626852918
1.3214430976461031
1.3216787854646541
1.3219144261503721
1.3221500197126832
1.3223855661610104
1.3226210655047759
1.3228565177534
1.323091922916301
1.3233272810028942
1.323562592022595
1.3237978559848158
1.3240330728989667
1.3242682427744565
1.3245033656206924
1.3247384414470789
1.3249734702630196
1.3252084520779153
1.325443386901165
1.3256782747421672
1.3259131156103166
1.326147909515007
1.3263826564656305
1.3266173564715766
1.3268520095422336
1.3270866156869876
1.3273211749152232
1.3275556872363223
1.3277901526596656
1.328024571194632
1.328258942850598
1.3284932676369388
1.3287275455630274
1.328961776638235
1.3291959608719304
1.3294300982734815
1.3296641888522536
1.3298982326176108
1.3301322295789142
1.3303661797455242
1.330600083126799
1.3308339397320945
1.3310677495707652
1.331301512652163
1.3315352289856393
1.3317688985805418
1.3320025214462181
1.332236097592013
1.3324696270272696
1.3327031097613289
1.3329365458035303
1.333169935163212
1.3334032778497087
1.3336365738723548
1.333869823240482
1.3341030259634201
1.3343361820504975
1.3345692915110403
1.3348023543543728
1.335035370589818
1.335268340226696
1.3355012632743264
1.3357341397420257
1.3359669696391092
1.3361997529748901
1.3364324897586797
1.3366651799997873
1.336897823707521
1.3371304208911863
1.3373629715600872
1.3375954757235262
1.3378279333908032
1.3380603445712163
1.3382927092740622
1.3385250275086356
1.338757299284229
1.3389895246101338
1.3392217034956386
1.339453835950031
1.3396859219825963
1.3399179616026178
1.340149954819377
1.3403819016421539
1.3406138020802265
1.340845656142871
1.3410774638393612
1.34130922517897
1.3415409401709675
1.3417726088246222
1.3420042311492013
1.3422358071539695
1.3424673368481899
1.3426988202411239
1.342930257342031
1.3431616481601685
1.3433929927047918
1.343624290985155
1.3438555430105104
1.3440867487901078
1.3443179083331955
1.3445490216490206
1.3447800887468269
1.3450111096358572
1.3452420843253527
1.3454730128245522
1.3457038951426932
1.3459347312890106
1.3461655212727381
1.3463962651031074
1.3466269627893481
1.3468576143406883
1.3470882197663543
1.3473187790755707
1.3475492922775592
1.3477797593815406
1.3480101803967337
1.3482405553323555
1.3484708841976212
1.3487011670017435
1.3489314037539342
1.3491615944634026
1.3493917391393564
1.3496218377910016
1.349851890427542
1.3500818970581805
1.3503118576921163
1.3505417723385487
1.3507716410066737
1.3510014637056866
1.3512312404447806
1.351460971233146
1.3516906560799726
1.3519202949944478
1.3521498879857572
1.3523794350630847
1.352608936235612
1.3528383915125193
1.3530678009029848
1.3532971644161853
1.353526482061295
1.3537557538474871
1.353984979783932
1.3542141598797992
1.3544432941442557
1.354672382586467
1.354901425215597
1.3551304220408074
1.3553593730712579
1.3555882783161064
1.3558171377845094
1.3560459514856213
1.356274719428595
1.3565034416225812
1.3567321180767284
1.356960748800184
1.3571893338020937
1.3574178730916007
1.357646366677846
1.35787481456997
1.3581032167771108
1.3583315733084043
1.358559884172985
1.3587881493799852
1.359016368938536
1.3592445428577655
1.3594726711468013
1.3597007538147685
1.3599287908707904
1.3601567823239886
1.3603847281834829
1.360612628458391
1.360840483157829
1.3610682922909112
1.36129605586675
1.3615237738944561
1.3617514463831386
1.361979073341904
1.3622066547798573
1.3624341907061022
1.36266168112974
1.3628891260598706
1.3631165255055917
1.3633438794759996
1.3635711879801882
1.36379845102725
1.3640256686262755
1.3642528407863534
1.364479967516571
1.3647070488260133
1.364934084723764
1.365161075218904
1.365388020320513
1.3656149200376693
1.3658417743794486
1.366068583354925
1.3662953469731716
1.3665220652432584
1.3667487381742545
1.3669753657752268
1.3672019480552404
1.3674284850233587
1.3676549766886432
1.367881423060154
1.3681078241469484
1.368334179958083
1.3685604905026123
1.3687867557895883
1.369012975828062
1.3692391506270825
1.3694652801956964
1.3696913645429487
1.3699174036778832
1.3701433976095418
1.3703693463469637
1.3705952498991878
1.3708211082752497
1.3710469214841836
1.3712726895350227
1.3714984124367973
1.3717240901985366
1.3719497228292676
1.3721753103380165
1.3724008527338059
1.372626350025658
1.3728518022225926
1.3730772093336279
1.3733025713677804
1.3735278883340645
1.3737531602414934
1.3739783870990776
1.3742035689158263
1.374428705700747
1.374653797462845
1.3748788442111237
1.3751038459545857
1.3753288027022312
1.3755537144630583
1.3757785812460634
1.3760034030602415
1.3762281799145857
1.3764529118180866
1.376677598779734
1.3769022408085152
1.377126837913416
1.3773513901034211
1.3775758973875116
1.3778003597746682
1.3780247772738696
1.3782491498940925
1.378473477644312
1.3786977605335011
1.3789219985706316
1.379146191764673
1.3793703401245925
1.3795944436593568
1.3798185023779295
1.3800425162892738
1.3802664854023496
1.3804904097261164
1.3807142892695308
1.3809381240415484
1.381161914051122
1.381385659307204
1.381609359818744
1.3818330155946903
1.382056626643989
1.3822801929755848
1.3825037145984203
1.3827271915214365
1.3829506237535725
1.3831740113037656
1.3833973541809517
1.3836206523940642
1.3838439059520353
1.3840671148637955
1.3842902791382727
1.3845133987843943
1.3847364738110841
1.384959504227266
1.3851824900418612
1.385405431263789
1.3856283279019672
1.385851179965312
1.3860739874627375
1.3862967504031558
1.3865194687954778
1.386742142648612
1.3869647719714653
1.3871873567729436
1.38740989706195
1.3876323928473864
1.3878548441381524
1.3880772509431465
1.388299613271265
1.388521931131402
1.388744204532451
1.3889664334833027
1.3891886179928463
1.389410758069969
1.3896328537235574
1.3898549049624944
1.3900769117956626
1.3902988742319422
1.390520792280212
1.390742665949349
1.3909644952482276
1.391186280185722
1.3914080207707027
1.3916297170120397
1.3918513689186014
1.3920729764992537
1.392294539762861
1.3925160587182859
1.3927375333743888
1.3929589637400295
1.3931803498240647
1.3934016916353507
1.3936229891827405
1.3938442424750863
1.3940654515212387
1.3942866163300458
1.3945077369103542
1.3947288132710094
1.394949845420854
1.3951708333687296
1.3953917771234758
1.3956126766939305
1.395833532088929
1.3960543433173067
1.3962751103878959
1.396495833309527
1.396716512091029
1.3969371467412293
1.3971577372689534
1.3973782836830253
1.397598785992267
1.3978192442054982
1.3980396583315378
1.398260028379202
1.3984803543573059
1.3987006362746628
1.3989208741400838
1.3991410679623786
1.3993612177503554
1.3995813235128196
1.3998013852585758
1.4000214029964269
1.4002413767351736
1.4004613064836144
1.4006811922505473
1.4009010340447674
1.4011208318750685
1.4013405857502432
1.4015602956790811
1.4017799616703712
1.4019995837328996
1.4022191618754516
1.4024386961068107
1.402658186435758
1.402877632871073
1.4030970354215346
1.4033163940959181
1.4035357089029983
1.4037549798515483
1.4039742069503385
1.404193390208138
1.4044125296337147
1.4046316252358335
1.404850677023259
1.405069685004753
1.4052886491890766
1.405507569584988
1.4057264462012438
1.4059452790465996
1.4061640681298089
1.406382813459623
1.4066015150447924
1.4068201728940648
1.407038787016187
1.407257357419903
1.407475884113956
1.4076943671070876
1.4079128064080368
1.4081312020255417
1.408349553968338
1.4085678622451596
1.408786126864739
1.4090043478358072
1.409222525167093
1.4094406588673232
1.409658748945224
1.4098767954095188
1.41009479826893
1.4103127575321768
1.4105306732079783
1.4107485453050512
1.410966373832111
1.41118415879787
1.41140190021104
1.4116195980803317
1.4118372524144516
1.412054863222107
1.4122724305120025
1.4124899542928404
1.4127074345733222
1.4129248713621467
1.4131422646680118
1.4133596144996137
1.4135769208656461
1.4137941837748011
1.4140114032357698
1.4142285792572413
1.4144457118479021
1.4146628010164377
1.4148798467715322
1.4150968491218674
1.4153138080761236
1.4155307236429793
1.4157475958311108
1.4159644246491931
1.4161812101059
1.4163979522099028
1.4166146509698714
1.4168313063944737
1.4170479184923763
1.4172644872722433
1.4174810127427377
1.417697494912521
1.4179139337902527
1.4181303293845902
1.4183466817041894
1.4185629907577046
1.4187792565537882
1.4189954791010913
1.4192116584082624
1.419427794483949
1.4196438873367965
1.4198599369754492
1.420075943408549
1.420291906644736
1.420507826692649
1.420723703560925
1.4209395372581992
1.4211553277931053
1.421371075174275
1.4215867794103378
1.4218024405099223
1.4220180584816555
1.4222336333341619
1.4224491650760644
1.4226646537159846
1.4228800992625423
1.423095501724355
1.4233108611100393
1.4235261774282097
1.4237414506874788
1.423956680896458
1.4241718680637563
1.4243870121979814
1.4246021133077391
1.4248171714016338
1.4250321864882678
1.425247158576242
1.425462087674155
1.4256769737906048
1.4258918169341865
1.4261066171134935
1.4263213743371188
1.4265360886136524
1.426750759951683
1.4269653883597981
1.4271799738465822
1.4273945164206194
1.4276090160904915
1.4278234728647783
1.4280378867520584
1.4282522577609087
1.4284665858999033
1.4286808711776167
1.4288951136026198
1.429109313183482
1.4293234699287722
1.4295375838470563
1.4297516549468992
1.429965683236864
1.4301796687255117
1.4303936114214022
1.4306075113330932
1.4308213684691407
1.4310351828380994
1.4312489544485214
1.4314626833089583
1.431676369427959
1.4318900128140715
1.4321036134758416
1.432317171421813
1.4325306866605287
1.4327441592005294
1.432957589050354
1.43317097621854
1.4333843207136225
1.433597622544136
1.4338108817186122
1.434024098245582
1.4342372721335743
1.4344504033911158
1.4346634920267323
1.4348765380489472
1.4350895414662828
1.4353025022872588
1.4355154205203946
1.4357282961742064
1.4359411292572093
1.4361539197779174
1.4363666677448421
1.4365793731664935
1.43679203605138
1.4370046564080081
1.4372172342448828
1.4374297695705074
1.4376422623933836
1.437854712722011
1.438067120564888
1.4382794859305112
1.438491808827375
1.4387040892639729
1.438916327248796
1.4391285227903339
1.4393406758970746
1.4395527865775044
1.4397648548401076
1.4399768806933675
1.4401888641457654
1.4404008052057804
1.4406127038818908
1.440824560182572
1.4410363741162986
1.4412481456915436
1.4414598749167782
1.4416715618004712
1.4418832063510905
1.4420948085771017
1.4423063684869695
1.4425178860891563
1.4427293613921228
1.4429407944043284
1.4431521851342306
1.443363533590285
1.4435748397809456
1.443786103714665
1.443997325399894
1.4442085048450812
1.4444196420586748
1.4446307370491196
1.4448417898248598
1.445052800394338
1.4452637687659944
1.445474694948268
1.4456855789495962
1.445896420778414
1.4461072204431558
1.4463179779522535
1.4465286933141375
1.4467393665372366
1.446949997629978
1.4471605866007873
1.4473711334580877
1.4475816382103015
1.4477921008658494
1.4480025214331496
1.4482128999206194
1.4484232363366738
1.4486335306897267
1.4488437829881897
1.4490539932404733
1.4492641614549862
1.4494742876401352
1.4496843718043253
1.44989441395596
1.4501044141034416
1.45031437225517
1.4505242884195435
1.4507341626049592
1.4509439948198124
1.4511537850724963
1.4513635333714028
1.451573239724922
1.451782904141442
1.4519925266293499
1.4522021071970306
1.4524116458528677
1.4526211426052427
1.4528305974625355
1.453040010433125
1.4532493815253873
1.4534587107476982
1.4536679981084302
1.4538772436159555
1.4540864472786441
1.454295609104864
1.454504729102982
1.4547138072813632
1.4549228436483703
1.4551318382123657
1.4553407909817089
1.4555497019647585
1.455758571169871
1.4559673986054016
1.4561761842797032
1.4563849282011272
1.456593630378024
1.4568022908187417
1.4570109095316268
1.4572194865250245
1.4574280218072777
1.4576365153867283
1.4578449672717162
1.4580533774705795
1.458261745991655
1.4584700728432776
1.4586783580337803
1.4588866015714952
1.4590948034647517
1.4593029637218782
1.4595110823512016
1.4597191593610463
1.4599271947597359
1.460135188555592
1.4603431407569345
1.4605510513720814
1.4607589204093498
1.4609667478770545
1.4611745337835085
1.4613822781370236
1.4615899809459099
1.4617976422184755
1.4620052619630273
1.46221284018787
1.4624203769013069
1.4626278721116401
1.4628353258271691
1.4630427380561928
1.4632501088070073
1.4634574380879077
1.4636647259071875
1.4638719722731386
1.464079177194051
1.4642863406782127
1.4644934627339108
1.4647005433694302
1.4649075825930546
1.4651145804130659
1.4653215368377435
1.4655284518753662
1.4657353255342107
1.4659421578225524
1.4661489487486647
1.4663556983208192
1.4665624065472864
1.4667690734363348
1.466975698996231
1.4671822832352406
1.467388826161627
1.4675953277836522
1.4678017881095766
1.4680082071476583
1.468214584906155
1.4684209213933213
1.4686272166174112
1.4688334705866763
1.4690396833093673
1.469245854793733
1.4694519850480203
1.469658074080475
1.4698641218993405
1.470070128512859
1.470276093929271
1.470482018156815
1.4706879012037288
1.4708937430782478
1.4710995437886054
1.471305303343034
1.471511021749765
1.4717166990170263
1.4719223351530453
1.4721279301660481
1.4723334840642586
1.472538996855899
1.4727444685491906
1.4729498991523517
1.4731552886736003
1.4733606371211518
1.4735659445032208
1.4737712108280192
1.4739764361037582
1.474181620338647
1.4743867635408934
1.4745918657187032
1.4747969268802803
1.4750019470338278
1.4752069261875465
1.475411864349636
1.4756167615282938
1.4758216177317165
1.4760264329680979
1.4762312072456316
1.4764359405725083
1.4766406329569175
1.4768452844070474
1.4770498949310837
1.4772544645372117
1.477458993233614
1.4776634810284723
1.4778679279299662
1.478072333946274
1.4782766990855718
1.4784810233560346
1.4786853067658356
1.4788895493231466
1.4790937510361368
1.4792979119129752
1.479502031961828
1.4797061111908607
1.4799101496082363
1.4801141472221169
1.480318104040662
1.480522020072031
1.48072589532438
1.4809297298058648
1.4811335235246388
1.481337276488854
1.4815409887066606
1.4817446601862077
1.481948290935642
1.4821518809631091
1.482355430276753
1.4825589388847156
1.4827624067951375
1.4829658340161578
1.483169220555914
1.4833725664225412
1.4835758716241743
1.483779136168945
1.4839823600649844
1.484185543320422
1.484388685943385
1.4845917879419994
1.4847948493243894
1.4849978700986781
1.485200850272986
1.4854037898554335
1.4856066888541377
1.4858095472772148
1.48601236513278
1.4862151424289451
1.4864178791738225
1.4866205753755213
1.4868232310421499
1.4870258461818147
1.4872284208026203
1.4874309549126703
1.4876334485200664
1.4878359016329084
1.4880383142592946
1.4882406864073214
1.4884430180850845
1.4886453093006773
1.4888475600621915
1.489049770377718
1.4892519402553446
1.4894540697031589
1.4896561587292458
1.48985820734169
1.4900602155485727
1.4902621833579752
1.4904641107779766
1.4906659978166534
1.4908678444820822
1.4910696507823367
1.4912714167254892
1.491473142319611
1.4916748275727711
1.4918764724930373
1.4920780770884758
1.4922796413671509
1.4924811653371253
1.4926826490064604
1.4928840923832158
1.4930854954754493
1.4932868582912178
1.4934881808385756
1.4936894631255762
1.4938907051602708
1.4940919069507093
1.4942930685049403
1.4944941898310105
1.494695270936965
1.4948963118308471
1.4950973125206992
1.4952982730145612
1.4954991933204718
1.4957000734464683
1.4959009134005858
1.4961017131908585
1.4963024728253185
1.4965031923119962
1.4967038716589214
1.496904510874121
1.4971051099656212
1.497305668941446
1.4975061878096179
1.497706666578158
1.4979071052550859
1.498107503848419
1.4983078623661739
1.4985081808163652
1.498708459207006
1.4989086975461074
1.4991088958416796
1.4993090541017304
1.4995091723342668
1.4997092505472935
1.4999092887488141
1.5001092869468304
1.5003092451493425
1.5005091633643488
1.5007090415998467
1.5009088798638315
1.5011086781642968
1.501308436509235
1.5015081549066371
1.5017078333644915
1.501907471890786
1.5021070704935062
1.5023066291806364
1.5025061479601594
1.5027056268400558
1.5029050658283056
1.5031044649328864
1.5033038241617742
1.503503143522944
1.5037024230243687
1.5039016626740203
1.504100862479868
1.5043000224498801
1.5044991425920236
1.5046982229142636
1.5048972634245634
1.505096264130885
1.5052952250411888
1.5054941461634337
1.5056930275055764
1.505891869075573
1.5060906708813766
1.5062894329309404
1.5064881552322151
1.5066868377931495
1.5068854806216911
1.5070840837257866
1.5072826471133798
1.5074811707924138
1.5076796547708298
1.5078780990565674
1.508076503657565
1.5082748685817589
1.5084731938370837
1.5086714794314728
1.5088697253728582
1.50906793166917
1.5092660983283368
1.5094642253582855
1.5096623127669415
1.5098603605622285
1.5100583687520686
1.5102563373443827
1.51045426634709
1.5106521557681074
1.5108500056153515
1.5110478158967364
1.5112455866201746
1.511443317793577
1.5116410094248538
1.5118386615219126
1.5120362740926598
1.5122338471450005
1.5124313806868377
1.512628874726073
1.5128263292706066
1.513023744328337
1.5132211199071608
1.5134184560149737
1.5136157526596696
1.5138130098491405
1.5140102275912772
1.514207405893968
1.5144045447651011
1.5146016442125623
1.514798704244236
1.5149957248680046
1.5151927060917492
1.5153896479233495
1.5155865503706836
1.515783413441628
1.515980237144057
1.5161770214858445
1.5163737664748622
1.51657047211898
1.5167671384260664
1.5169637654039887
1.5171603530606117
1.5173569014037998
1.5175534104414152
1.5177498801813185
1.5179463106313686
1.5181427017994233
1.5183390536933388
1.518535366320969
1.5187316396901673
1.5189278738087844
1.5191240686846703
1.5193202243256734
1.51951634073964
1.519712417934415
1.519908455917842
1.5201044546977627
1.5203004142820176
1.5204963346784448
1.5206922158948823
1.5208880579391655
1.5210838608191284
1.521279624542603
1.5214753491174207
1.5216710345514106
1.5218666808524008
1.522062288028217
1.5222578560866844
1.5224533850356257
1.5226488748828624
1.5228443256362143
1.5230397373035
1.5232351098925365
1.523430443411139
1.523625737867121
1.5238209932682947
1.5240162096224708
1.524211386937458
1.5244065252210641
1.524601624481095
1.5247966847253545
1.524991705961646
1.5251866881977705
1.5253816314415274
1.5255765357007152
1.52577140098313
1.5259662272965673
1.52616101464882
1.5263557630476803
1.5265504725009384
1.526745143016383
1.526939774601801
1.5271343672649786
1.5273289210136995
1.5275234358557466
1.5277179117989004
1.5279123488509405
1.528106747019645
1.52830110631279
1.52849542673815
1.5286897083034987
1.5288839510166072
1.529078154885246
1.5292723199171834
1.5294664461201863
1.5296605335020206
1.5298545820704497
1.5300485918332358
1.5302425627981402
1.5304364949729217
1.5306303883653378
1.5308242429831451
1.531018058834098
1.5312118359259497
1.5314055742664514
1.531599273863353
1.5317929347244033
1.5319865568573483
1.5321801402699342
1.532373684969904
1.5325671909650005
1.5327606582629636
1.5329540868715328
1.5331474767984457
1.5333408280514385
1.533534140638245
1.5337274145665987
1.5339206498442304
1.5341138464788704
1.5343070044782467
1.5345001238500862
1.5346932046021138
1.5348862467420534
1.535079250277627
1.535272215216555
1.5354651415665561
1.5356580293353486
1.535850878530648
1.5360436891601685
1.5362364612316228
1.5364291947527227
1.5366218897311776
1.5368145461746958
1.537007164090984
1.5371997434877473
1.537392284372689
1.5375847867535115
1.537777250637915
1.537969676033599
1.5381620629482606
1.5383544113895957
1.5385467213652986
1.5387389928830622
1.5389312259505776
1.5391234205755346
1.5393155767656217
1.5395076945285255
1.5396997738719305
1.5398918148035208
1.5400838173309785
1.540275781461984
1.5404677072042163
1.540659594565353
1.5408514435530698
1.5410432541750412
1.54123502643894
1.5414267603524374
1.5416184559232033
1.541810113158906
1.5420017320672121
1.5421933126557867
1.5423848549322938
1.5425763589043953
1.5427678245797518
1.5429592519660225
1.5431506410708644
1.5433419919019342
1.543533304466886
1.5437245787733729
1.543915814829046
1.5441070126415553
1.5442981722185491
1.5444892935676746
1.5446803766965767
1.5448714216128994
1.5450624283242849
1.5452533968383737
1.5454443271628053
1.545635219305217
1.5458260732732452
1.5460168890745243
1.5462076667166875
1.5463984062073666
1.546589107554191
1.5467797707647897
1.5469703958467895
1.5471609828078157
1.5473515316554924
1.5475420423974422
1.547732515041286
1.5479229495946427
1.5481133460651304
1.5483037044603654
1.5484940247879626
1.5486843070555352
1.5488745512706947
1.5490647574410519
1.549254925574215
1.5494450556777912
1.5496351477593864
1.5498252018266043
1.550015217887048
1.5502051959483187
1.550395136018016
1.5505850381037374
1.5507749022130797
1.5509647283536379
1.5511545165330056
1.551344266758775
1.5515339790385363
1.5517236533798786
1.5519132897903891
1.5521028882776537
1.5522924488492573
1.5524819715127827
1.5526714562758108
1.5528609031459217
1.553050312130694
1.5532396832377042
1.553429016474528
1.5536183118487386
1.5538075693679088
1.5539967890396094
1.5541859708714092
1.5543751148708764
1.5545642210455772
1.5547532894030762
1.5549423199509367
1.5551313126967201
1.5553202676479871
1.5555091848122962
1.5556980641972045
1.5558869058102676
1.5560757096590396
1.5562644757510733
1.5564532040939199
1.5566418946951288
1.5568305475622481
1.557019162702825
1.557207740124404
1.5573962798345287
1.5575847818407411
1.5577732461505827
1.5579616727715917
1.5581500617113058
1.558338412977261
1.5585267265769918
1.5587150025180316
1.5589032408079115
1.559091441454162
1.5592796044643111
1.5594677298458866
1.5596558176064135
1.5598438677534159
1.560031880294416
1.5602198552369355
1.5604077925884932
1.5605956923566076
1.5607835545487947
1.5609713791725701
1.561159166235447
1.5613469157449376
1.561534627708552
1.5617223021337991
1.5619099390281872
1.5620975383992217
1.5622851002544071
1.5624726246012468
1.5626601114472416
1.562847560799892
1.5630349726666966
1.5632223470551518
1.5634096839727536
1.5635969834269958
1.563784245425371
1.5639714699753702
1.564158657084483
1.5643458067601972
1.5645329190099995
1.564719993841375
1.564907031261807
1.5650940312787778
1.5652809938997676
1.5654679191322558
1.5656548069837197
1.5658416574616352
1.566028470573477
1.5662152463267183
1.5664019847288306
1.5665886857872842
1.566775349509547
1.5669619759030868
1.5671485649753687
1.567335116733857
1.5675216311860145
1.5677081083393023
1.56789454820118
1.5680809507791056
1.568267316080536
1.5684536441129262
1.5686399348837297
1.568826188400399
1.569012404670385
1.5691985837011366
1.5693847255001014
1.569570830074726
1.5697568974324545
1.5699429275807308
1.5701289205269962
1.570314876278691
1.5705007948432543
1.5706866762281233
1.5708725204407337
1.5710583274885197
1.5712440973789146
1.5714298301193492
1.5716155257172537
1.571801184180057
1.5719868055151853
1.5721723897300643
1.5723579368321177
1.572543446828768
1.5727289197274363
1.5729143555355423
1.5730997542605034
1.5732851159097367
1.5734704404906572
1.5736557280106784
1.5738409784772125
1.5740261918976695
1.574211368279459
1.5743965076299886
1.5745816099566643
1.5747666752668912
1.5749517035680722
1.575136694867609
1.5753216491729016
1.5755065664913492
1.575691446830349
1.5758762901972967
1.5760610965995865
1.5762458660446115
1.576430598539763
1.576615294092431
1.5767999527100038
1.5769845743998683
1.5771691591694101
1.577353707026013
1.5775382179770598
1.5777226920299312
1.577907129192007
1.5780915294706652
1.5782758928732825
1.578460219407234
1.5786445090798933
1.5788287618986325
1.5790129778708226
1.5791971570038328
1.5793812993050307
1.5795654047817829
1.5797494734414539
1.5799335052914072
1.5801175003390047
