0.0
0.000799817051075921
0.0015992684094669417
0.0023983543822493946
0.0031970752762334655
0.003995431397963413
0.00479342305371779
0.0055910505495096584
0.006388314191086808
0.007185214283931977
0.007981751133263066
0.008777925044033357
0.009573736320931735
0.010369185268382899
0.011164272190547582
0.011958997391322768
0.01275336117434191
0.013547363842975139
0.014341005700329493
0.015134287049249125
0.01592720819231552
0.016719769431847706
0.017511971069902495
0.018303813408274652
0.01909529674849715
0.019886421391841377
0.020677187639317342
0.021467595791673903
0.02225764614939895
0.023047339012719666
0.023836674681602704
0.024625653455754418
0.025414275634621078
0.026202541517389086
0.026990451402985168
0.027778005590076617
0.028565204377071485
0.02935204806211881
0.03013853694310881
0.03092467131767312
0.031710451483185
0.03249587773675952
0.03328095037525382
0.03406566969526726
0.0348500359931417
0.03563404956496169
0.03641771070655462
0.037201019713491025
0.03798397688108475
0.038766582504393146
0.039548836878217315
0.040330740297102326
0.041112293055337375
0.04189349544695603
0.04267434776573646
0.0434548503052016
0.0442350033586194
0.04501480721900303
0.04579426217911105
0.04657336853144767
0.04735212656826296
0.04813053658155299
0.04890859886306012
0.04968631370427319
0.050463681396427686
0.05124070223050599
0.05201737649723759
0.05279370448709926
0.053569686490315294
0.054345322796857706
0.05512061369644642
0.05589555947854952
0.05667016043238342
0.057444416846913086
0.058218329010852235
0.058991897212663576
0.059765121740558945
0.06053800288249959
0.061310540926196345
0.062082736159109836
0.06285458886845068
0.0636260993411797
0.06439726786400812
0.06516809472339781
0.06593858020556145
0.06670872459646278
0.06747852818181674
0.06824799124708969
0.06901711407749968
0.06978589695801661
0.07055434017336246
0.07132244400801144
0.0720902087461902
0.07285763467187811
0.07362472206880742
0.07439147122046338
0.07515788241008466
0.07592395592066335
0.07668969203494522
0.07745509103542994
0.07822015320437131
0.0789848788237774
0.07974926817541085
0.080513321540789
0.08127703920118404
0.08204042143762331
0.08280346853088955
0.0835661807615209
0.08432855840981132
0.08509060175581068
0.08585231107932495
0.08661368665991648
0.08737472877690412
0.0881354377093635
0.08889581373612714
0.08965585713578476
0.09041556818668342
0.09117494716692766
0.09193399435437982
0.09269271002666023
0.09345109446114729
0.09420914793497782
0.09496687072504714
0.09572426310800936
0.09648132536027752
0.09723805775802383
0.09799446057717982
0.09875053409343668
0.09950627858224523
0.1002616943188163
0.1010167815781209
0.10177154063489036
0.10252597176361658
0.10328007523855219
0.10403385133371085
0.10478730032286727
0.10554042247955758
0.10629321807707945
0.10704568738849231
0.10779783068661748
0.10854964824403854
0.10930114033310132
0.1100523072259142
0.11080314919434837
0.11155366651003791
0.11230385944438004
0.11305372826853535
0.11380327325342796
0.11455249466974567
0.11530139278794027
0.11604996787822766
0.11679822021058806
0.11754615005476625
0.11829375768027169
0.11904104335637873
0.1197880073521269
0.12053464993632101
0.1212809713775314
0.12202697194409405
0.12277265190411092
0.12351801152545003
0.12426305107574567
0.12500777082239867
0.1257521710325765
0.1264962519732135
0.12724001391101122
0.12798345711243828
0.1287265818437309
0.12946938837089297
0.13021187695969622
0.1309540478756803
0.1316959013841533
0.13243743775019162
0.13317865723864042
0.13391956011411354
0.13466014664099402
0.13540041708343395
0.136140371705355
0.13688001077044834
0.137619334542175
0.13835834328376598
0.1390970372582225
0.13983541672831612
0.140573481956589
0.14131123320535408
0.14204867073669528
0.14278579481246767
0.14352260569429764
0.14425910364358321
0.14499528892149402
0.14573116178897172
0.14646672250673015
0.14720197133525534
0.14793690853480587
0.14867153436541314
0.14940584908688126
0.15013985295878754
0.15087354624048252
0.15160692919109028
0.15234000206950846
0.15307276513440865
0.1538052186442364
0.15453736285721165
0.15526919803132858
0.15600072442435614
0.15673194229383805
0.15746285189709297
0.15819345349121489
0.15892374733307305
0.15965373367931235
0.1603834127863534
0.16111278491039277
0.16184185030740322
0.1625706092331339
0.1632990619431104
0.164027208692635
0.164755049736787
0.1654825853304228
0.16620981572817592
0.16693674118445753
0.1676633619534564
0.16838967828913928
0.1691156904452508
0.16984139867531386
0.17056680323262988
0.17129190437027872
0.1720167023411193
0.17274119739778931
0.17346538979270573
0.17418927977806484
0.1749128676058426
0.1756361535277946
0.17635913779545645
0.17708182066014383
0.17780420237295283
0.17852628318475988
0.1792480633462222
0.17996954310777785
0.180690722719646
0.1814116024318271
0.18213218249410293
0.18285246315603698
0.18357244466697453
0.18429212727604283
0.1850115112321514
0.1857305967839921
0.1864493841800393
0.1871678736685502
0.18788606549756498
0.18860395991490678
0.1893215571681821
0.1900388575047811
0.1907558611718774
0.19147256841642865
0.1921889794851764
0.1929050946246466
0.19362091408114954
0.19433643810078013
0.1950516669294181
0.1957666008127282
0.19648123999616027
0.19719558472494958
0.19790963524411687
0.1986233917984686
0.1993368546325973
0.20005002399088131
0.2007629001174855
0.20147548325636108
0.202187773651246
0.20289977154566494
0.2036114771829296
0.20432289080613905
0.20503401265817955
0.20574484298172507
0.20645538201923724
0.2071656300129657
0.20787558720494817
0.2085852538370106
0.2092946301507676
0.21000371638762236
0.21071251278876685
0.21142101959518228
0.21212923704763886
0.2128371653866964
0.21354480485270416
0.21425215568580128
0.21495921812591673
0.21566599241276974
0.21637247878586977
0.2170786774845169
0.21778458874780177
0.21849021281460598
0.21919554992360207
0.2199006003132539
0.2206053642218167
0.22130984188733732
0.2220140335476544
0.2227179394403985
0.22342155980299233
0.22412489487265097
0.22482794488638197
0.2255307100809855
0.2262331906930547
0.22693538695897564
0.2276372991149278
0.2283389273968839
0.2290402720406103
0.22974133328166713
0.23044211135540846
0.23114260649698248
0.23184281894133177
0.2325427489231933
0.2332423966770987
0.23394176243737455
0.2346408464381424
0.23533964891331902
0.23603817009661657
0.23673641022154274
0.2374343695214011
0.238132048229291
0.2388294465781079
0.23952656480054363
0.24022340312908644
0.2409199617960212
0.24161624103342969
0.24231224107319055
0.24300796214697973
0.24370340448627045
0.24439856832233356
0.24509345388623752
0.24578806140884876
0.24648239112083173
0.24717644325264912
0.24787021803456222
0.24856371569663063
0.24925693646871294
0.24994988058046655
0.2506425482613482
0.25133493974061366
0.25202705524731855
0.2527188950103179
0.2534104592582665
0.25410174821961945
0.2547927621226318
0.25548350119535923
0.25617396566565764
0.256864155761184
0.25755407170939587
0.2582437137375521
0.2589330820727129
0.2596221769417395
0.260310998571295
0.26099954718784435
0.2616878230176543
0.2623758262867939
0.2630635572211345
0.2637510160463497
0.26443820298791587
0.2651251182711123
0.2658117621210213
0.26649813476252826
0.26718423642032196
0.26787006731889473
0.2685556276825426
0.26924091773536546
0.2699259377012673
0.2706106878039564
0.27129516826694533
0.2719793793135512
0.27266332116689596
0.27334699404990653
0.2740303981853149
0.2747135337956582
0.2753964011032794
0.27607900033032656
0.2767613316987538
0.2774433954303212
0.278125191746595
0.27880672086894764
0.27948798301855826
0.28016897841641236
0.2808497072833025
0.2815301698398281
0.28221036630639584
0.28289029690321976
0.2835699618503216
0.2842493613675303
0.28492849567448303
0.28560736499062483
0.28628596953520913
0.2869643095272975
0.2876423851857602
0.2883201967292761
0.28899774437633313
0.2896750283452281
0.2903520488540674
0.29102880612076626
0.29170530036305
0.2923815317984534
0.29305750064432123
0.2937332071178083
0.2944086514358798
0.29508383381531117
0.29575875447268846
0.2964334136244087
0.29710781148667975
0.29778194827552035
0.29845582420676076
0.29912943949604254
0.29980279435881907
0.3004758890103553
0.3011487236657282
0.3018212985398268
0.3024936138473525
0.30316566980281917
0.3038374666205532
0.304509004514694
0.30518028369919364
0.3058513043878174
0.30652206679414384
0.3071925711315651
0.30786281761328704
0.308532806452329
0.3092025378615244
0.309872012053521
0.31054122924078065
0.3112101896355797
0.3118788934500092
0.31254734089597486
0.3132155321851976
0.31388346752921326
0.31455114713937316
0.3152185712268439
0.3158857400026078
0.316552653677463
0.31721931246202356
0.31788571656671966
0.31855186620179793
0.31921776157732124
0.3198834029031692
0.3205487903890382
0.3212139242444417
0.3218788046787101
0.3225434319009912
0.3232078061202503
0.3238719275452701
0.32453579638465135
0.3251994128468126
0.3258627771399906
0.3265258894722403
0.3271887500514351
0.327851359085267
0.3285137167812468
0.3291758233467042
0.32983767898878796
0.33049928391446626
0.3311606383305265
0.3318217424435758
0.33248259646004114
0.3331432005861691
0.3338035550280266
0.33446365999150063
0.3351235156822987
0.3357831223059488
0.33644248006779975
0.33710158917302124
0.3377604498266039
0.3384190622333596
0.3390774265979218
0.33973554312474513
0.3403934120181061
0.34105103348210314
0.3417084077206567
0.3423655349375093
0.34302241533622585
0.34367904912019387
0.3443354364926234
0.3449915776565473
0.3456474728148215
0.3463031221701251
0.3469585259249604
0.3476136842816534
0.3482685974423534
0.34892326560903353
0.3495776889834911
0.3502318677673473
0.35088580216204784
0.35153949236886256
0.35219293858888606
0.3528461410230377
0.3534990998720616
0.354151815336527
0.3548042876168286
0.35545651691318614
0.356108503425645
0.35676024735407635
0.3574117488981771
0.35806300825747023
0.3587140256313049
0.3593648012188565
0.360015335219127
0.3606656278309451
0.3613156792529661
0.36196548968367237
0.3626150593213734
0.36326438836420594
0.3639134770101341
0.36456232545694967
0.36521093390227216
0.365859302543549
0.36650743157805554
0.36715532120289557
0.36780297161500103
0.3684503830111324
0.36909755558787916
0.36974448954165917
0.3703911850687195
0.3710376423651364
0.3716838616268154
0.3723298430494913
0.3729755868287288
0.37362109315992215
0.3742663622382956
0.37491139425890363
0.37555618941663066
0.3762007479061917
0.3768450699221321
0.3774891556588283
0.37813300531048705
0.37877661907114646
0.3794199971346757
0.38006313969477523
0.380706046944977
0.38134871907864465
0.3819911562889734
0.3826333587689904
0.3832753267115552
0.3839170603093592
0.3845585597549263
0.385199825240613
0.38584085695860837
0.38648165510093446
0.3871222198594461
0.3877625514258315
0.38840264999161195
0.38904251574814225
0.38968214888661085
0.3903215495980399
0.3909607180732855
0.3915996545030377
0.3922383590778209
0.39287683198799356
0.3935150734237489
0.3941530835751148
0.39479086263195373
0.3954284107839633
0.3960657282206761
0.39670281513146005
0.3973396717055185
0.39797629813189017
0.3986126945994496
0.39924886129690723
0.39988479841280955
0.40052050613553897
0.4011559846533143
0.40179123415419093
0.40242625482606065
0.40306104685665206
0.40369561043353075
0.40432994574409914
0.40496405297559707
0.40559793231510155
0.4062315839495271
0.4068650080656258
0.4074982048499877
0.4081311744890406
0.40876391716905064
0.40939643307612184
0.4100287223961967
0.4106607853150563
0.4112926220183204
0.41192423269144746
0.4125556175197349
0.4131867766883193
0.4138177103821766
0.414448418786122
0.41507890208481013
0.4157091604627354
0.4163391941042321
0.4169690031934744
0.41759858791447674
0.41822794845109373
0.41885708498702034
0.4194859977057921
0.42011468679078534
0.4207431524252172
0.4213713947921458
0.42199941407447034
0.4226272104549314
0.4232547841161108
0.4238821352404321
0.42450926401016054
0.42513617060740316
0.4257628552141091
0.4263893180120695
0.42701555918291784
0.42764157890813004
0.4282673773690245
0.4288929547467624
0.429518311222348
0.4301434469766282
0.43076836219029324
0.43139305704387654
0.432017531717755
0.432641786392149
0.4332658212471228
0.43388963646258444
0.43451323221828586
0.43513660869382315
0.4357597660686368
0.4363827045220116
0.43700542423307703
0.437627925380807
0.4382502081440205
0.4388722727013813
0.4394941192313985
0.4401157479124263
0.4407371589226644
0.44135835244015803
0.44197932864279804
0.4426000877083211
0.4432206298143099
0.44384095513819316
0.4444610638572459
0.4450809561485894
0.44570063218919154
0.44632009215586693
0.4469393362252768
0.44755836457392945
0.4481771773781802
0.4487957748142315
0.4494141570581333
0.4500323242857829
0.45065027667292534
0.45126801439515324
0.4518855376279073
0.45250284654647627
0.45311994132599687
0.4537368221414543
0.4543534891676821
0.45496994257936235
0.4555861825510261
0.45620220925705307
0.45681802287167195
0.4574336235689606
0.45804901152284616
0.4586641869071052
0.4592791498953637
0.4598939006610975
0.46050843937763214
0.46112276621814313
0.461736881355656
0.46235078496304644
0.4629644772130407
0.4635779582782153
0.4641912283309976
0.4648042875436655
0.4654171360883479
0.46602977413702473
0.46664220186152705
0.4672544194335371
0.4678664270245888
0.46847822480606743
0.46908981294921
0.46970119162510543
0.4703123610046944
0.47092332125876996
0.4715340725579772
0.47214461507281347
0.47275494897362885
0.47336507443062603
0.4739749916138603
0.47458470069323994
0.4751942018385262
0.4758034952193334
0.4764125810051295
0.4770214593652355
0.477630130468826
0.47823859448492945
0.47884685158242796
0.47945490193005763
0.4800627456964088
0.48067038304992576
0.48127781415890725
0.48188503919150655
0.4824920583157314
0.4830988716994444
0.4837054795103628
0.48431188191605923
0.484918079083961
0.48552407118135094
0.48612985837536715
0.4867354408330033
0.48734081872110857
0.4879459922063881
0.48855096145540283
0.48915572663456963
0.48976028791016174
0.4903646454483085
0.4909687994149958
0.491572749976066
0.49217649729721813
0.492780041544008
0.4933833828818484
0.49398652147600913
0.49458945749161715
0.49519219109365686
0.4957947224469699
0.4963970517162557
0.4969991790660713
0.49760110466083135
0.49820282866480886
0.49880435124213457
0.49940567255679746
0.5000067927726449
0.5006077120533831
0.501208430562576
0.5018089484636469
0.5024092659198778
0.5030093830944095
0.5036093001502421
0.5042090172502348
0.5048085345571062
0.5054078522334343
0.5060069704416567
0.5066058893440705
0.5072046091028329
0.5078031298799615
0.5084014518373329
0.5089995751366849
0.5095974999396151
0.5101952264075816
0.5107927547019034
0.5113900849837599
0.5119872174141916
0.5125841521540997
0.5131808893642466
0.5137774292052558
0.5143737718376123
0.5149699174216623
0.515565866117614
0.516161618085537
0.5167571734853625
0.5173525324768843
0.5179476952197576
0.5185426618735003
0.5191374325974922
0.5197320075509757
0.5203263868930558
0.5209205707827004
0.5215145593787397
0.522108352839867
0.5227019513246389
0.523295354991475
0.5238885639986579
0.524481578504334
0.5250743986665132
0.5256670246430689
0.5262594565917383
0.5268516946701227
0.5274437390356869
0.5280355898457604
0.5286272472575367
0.5292187114280735
0.5298099825142935
0.5304010606729834
0.5309919460607954
0.5315826388342454
0.5321731391497155
0.5327634471634524
0.5333535630315676
0.5339434869100385
0.5345332189547076
0.5351227593212834
0.5357121081653395
0.5363012656423158
0.536890231907518
0.5374790071161175
0.5380675914231524
0.5386559849835267
0.539244187952011
0.5398322004832423
0.5404200227317243
0.5410076548518274
0.541595096997789
0.5421823493237132
0.5427694119835716
0.5433562851312028
0.5439429689203126
0.5445294635044744
0.5451157690371292
0.5457018856715857
0.5462878135610204
0.5468735528584777
0.54745910371687
0.5480444662889781
0.5486296407274506
0.5492146271848046
0.5497994258134263
0.5503840367655697
0.5509684601933582
0.5515526962487836
0.5521367450837067
0.5527206068498576
0.5533042816988357
0.5538877697821093
0.5544710712510161
0.5550541862567641
0.5556371149504299
0.5562198574829608
0.5568024140051732
0.5573847846677542
0.5579669696212606
0.5585489690161193
0.559130783002628
0.5597124117309545
0.5602938553511374
0.5608751140130857
0.5614561878665792
0.562037077061269
0.562617781746677
0.563198302072196
0.5637786381870903
0.5643587902404955
0.5649387583814189
0.565518542758739
0.5660981435212061
0.5666775608174426
0.5672567947959424
0.5678358456050716
0.5684147133930685
0.5689933983080436
0.5695719004979799
0.5701502201107328
0.5707283572940303
0.5713063121954731
0.5718840849625346
0.5724616757425613
0.5730390846827725
0.5736163119302607
0.574193357631992
0.5747702219348054
0.5753469049854139
0.5759234069304033
0.5764997279162342
0.5770758680892399
0.5776518275956286
0.5782276065814818
0.5788032051927553
0.5793786235752794
0.5799538618747586
0.5805289202367719
0.5811037988067728
0.5816784977300895
0.5822530171519251
0.5828273572173578
0.5834015180713402
0.5839754998587006
0.5845493027241422
0.5851229268122436
0.5856963722674591
0.5862696392341182
0.5868427278564268
0.5874156382784654
0.5879883706441912
0.5885609250974372
0.5891333017819125
0.5897055008412022
0.5902775224187681
0.5908493666579482
0.5914210337019571
0.5919925236938861
0.592563836776703
0.5931349730932525
0.5937059327862566
0.5942767159983138
0.5948473228719003
0.5954177535493694
0.5959880081729516
0.5965580868847552
0.5971279898267658
0.597697717140847
0.5982672689687396
0.5988366454520632
0.5994058467323148
0.5999748729508698
0.6005437242489816
0.6011124007677823
0.6016809026482819
0.6022492300313695
0.6028173830578126
0.6033853618682575
0.6039531666032293
0.6045207974031318
0.6050882544082486
0.6056555377587419
0.6062226475946534
0.606789584055904
0.6073563472822944
0.6079229374135046
0.6084893545890943
0.6090555989485033
0.609621670631051
0.6101875697759371
0.610753296522241
0.6113188510089227
0.6118842333748222
0.6124494437586605
0.6130144822990385
0.6135793491344379
0.6141440444032212
0.6147085682436317
0.6152729207937939
0.615837102191713
0.6164011125752752
0.6169649520822486
0.617528620850282
0.6180921190169061
0.6186554467195328
0.6192186040954558
0.6197815912818508
0.620344408415775
0.6209070556341677
0.6214695330738502
0.6220318408715261
0.6225939791637813
0.6231559480870837
0.6237177477777843
0.6242793783721164
0.6248408400061956
0.6254021328160203
0.6259632569374722
0.626524212506316
0.627084999658199
0.627645618528652
0.6282060692530891
0.6287663519668076
0.6293264668049886
0.6298864139026964
0.630446193394879
0.6310058054163684
0.6315652501018805
0.6321245275860149
0.6326836380032554
0.6332425814879704
0.6338013581744117
0.6343599681967161
0.6349184116889047
0.6354766887848833
0.6360347996184422
0.6365927443232565
0.6371505230328863
0.6377081358807766
0.6382655830002574
0.6388228645245438
0.6393799805867365
0.6399369313198212
0.6404937168566693
0.6410503373300375
0.6416067928725683
0.6421630836167901
0.6427192096951169
0.6432751712398488
0.643830968383172
0.6443866012571585
0.6449420699937671
0.6454973747248426
0.6460525155821161
0.6466074926972056
0.6471623062016156
0.6477169562267371
0.6482714429038481
0.6488257663641136
0.6493799267385855
0.649933924158203
0.6504877587537922
0.6510414306560668
0.6515949399956276
0.6521482869029631
0.6527014715084495
0.6532544939423506
0.6538073543348178
0.6543600528158909
0.6549125895154968
0.6554649645634514
0.6560171780894583
0.6565692302231093
0.6571211210938849
0.6576728508311538
0.6582244195641732
0.6587758274220893
0.6593270745339367
0.6598781610286389
0.6604290870350085
0.6609798526817467
0.6615304580974447
0.6620809034105819
0.6626311887495275
0.6631813142425403
0.6637312800177683
0.6642810862032491
0.66483073292691
0.6653802203165682
0.6659295484999307
0.6664787176045944
0.6670277277580465
0.667576579087664
0.6681252717207147
0.6686738057843562
0.6692221814056367
0.669770398711495
0.6703184578287604
0.6708663588841534
0.6714141020042843
0.6719616873156554
0.6725091149446595
0.6730563850175805
0.6736034976605932
0.6741504529997642
0.6746972511610513
0.6752438922703035
0.6757903764532618
0.6763367038355584
0.6768828745427176
0.677428888700155
0.6779747464331788
0.6785204478669887
0.6790659931266769
0.6796113823372275
0.6801566156235171
0.6807016931103144
0.6812466149222806
0.6817913811839696
0.6823359920198281
0.6828804475541953
0.6834247479113033
0.683968893215277
0.6845128835901346
0.6850567191597872
0.6856004000480391
0.6861439263785881
0.6866872982750252
0.6872305158608346
0.6877735792593948
0.6883164885939772
0.6888592439877472
0.6894018455637644
0.6899442934449815
0.6904865877542462
0.6910287286142995
0.6915707161477771
0.6921125504772085
0.692654231725018
0.6931957600135243
0.6937371354649404
0.6942783582013742
0.6948194283448279
0.695360346017199
0.6959011113402798
0.6964417244357575
0.6969821854252144
0.6975224944301278
0.6980626515718708
0.6986026569717111
0.6991425107508124
0.6996822130302338
0.7002217639309302
0.7007611635737515
0.701300412079444
0.7018395095686498
0.702378456161907
0.7029172519796495
0.7034558971422076
0.7039943917698075
0.7045327359825724
0.7050709299005212
0.7056089736435696
0.7061468673315298
0.7066846110841106
0.7072222050209179
0.7077596492614542
0.7082969439251188
0.7088340891312082
0.7093710849989158
0.7099079316473326
0.7104446291954464
0.7109811777621425
0.7115175774662044
0.7120538284263119
0.7125899307610434
0.7131258845888742
0.713661690028178
0.7141973471972265
0.7147328562141887
0.7152682171971321
0.7158034302640223
0.7163384955327231
0.716873413120997
0.7174081831465041
0.7179428057268035
0.7184772809793528
0.7190116090215083
0.7195457899705251
0.7200798239435567
0.7206137110576561
0.7211474514297748
0.7216810451767637
0.7222144924153729
0.7227477932622517
0.7232809478339484
0.723813956246911
0.7243468186174874
0.7248795350619245
0.7254121056963689
0.7259445306368673
0.726476809999366
0.7270089438997115
0.72754093245365
0.7280727757768282
0.7286044739847924
0.7291360271929898
0.7296674355167673
0.7301986990713728
0.7307298179719546
0.7312607923335614
0.7317916222711427
0.7323223078995487
0.7328528493335307
0.7333832466877406
0.7339135000767316
0.7344436096149578
0.7349735754167747
0.735503397596439
0.7360330762681088
0.7365626115458436
0.7370920035436046
0.7376212523752544
0.7381503581545579
0.7386793209951805
0.7392081410106905
0.739736818314558
0.7402653530201545
0.7407937452407543
0.7413219950895334
0.7418501026795705
0.7423780681238465
0.7429058915352446
0.7434335730265506
0.7439611127104527
0.7444885106995421
0.7450157671063126
0.7455428820431609
0.7460698556223864
0.7465966879561917
0.7471233791566825
0.7476499293358677
0.7481763386056592
0.7487026070778725
0.7492287348642263
0.749754722076343
0.7502805688257482
0.7508062752238718
0.7513318413820469
0.7518572674115105
0.7523825534234035
0.752907699528771
0.7534327058385619
0.7539575724636294
0.7544822995147307
0.7550068871025275
0.7555313353375858
0.756055644330376
0.7565798141912732
0.757103845030557
0.7576277369584119
0.7581514900849269
0.7586751045200958
0.7591985803738177
0.7597219177558965
0.7602451167760413
0.7607681775438662
0.7612911001688903
0.7618138847605389
0.762336531428142
0.7628590402809355
0.7633814114280606
0.763903644978564
0.7644257410413985
0.7649476997254226
0.7654695211394008
0.7659912053920032
0.7665127525918064
0.7670341628472928
0.767555436266851
0.7680765729587763
0.76859757303127
0.7691184365924397
0.7696391637503
0.7701597546127715
0.7706802092876822
0.7712005278827662
0.7717207105056647
0.7722407572639259
0.7727606682650049
0.7732804436162637
0.7738000834249718
0.7743195877983055
0.7748389568433488
0.7753581906670931
0.7758772893764369
0.7763962530781863
0.7769150818790551
0.7774337758856649
0.7779523352045451
0.7784707599421326
0.7789890502047724
0.7795072060987176
0.7800252277301295
0.7805431152050769
0.7810608686295376
0.7815784881093973
0.7820959737504503
0.7826133256583988
0.7831305439388544
0.7836476286973367
0.7841645800392741
0.784681398070004
0.7851980828947722
0.7857146346187339
0.786231053346953
0.7867473391844024
0.7872634922359645
0.7877795126064305
0.7882954004005014
0.7888111557227869
0.7893267786778068
0.7898422693699898
0.7903576279036749
0.7908728543831103
0.7913879489124541
0.7919029115957742
0.7924177425370483
0.7929324418401644
0.7934470096089201
0.7939614459470236
0.7944757509580926
0.7949899247456561
0.7955039674131525
0.7960178790639313
0.7965316598012521
0.797045309728285
0.7975588289481111
0.7980722175637222
0.7985854756780205
0.7990986033938198
0.799611600813844
0.8001244680407288
0.8006372051770204
0.8011498123251763
0.8016622895875656
0.8021746370664684
0.8026868548640761
0.8031989430824918
0.8037109018237301
0.8042227311897172
0.804734431282291
0.8052460022032013
0.8057574440541093
0.8062687569365885
0.8067799409521245
0.8072909962021144
0.8078019227878681
0.8083127208106072
0.8088233903714659
0.8093339315714905
0.8098443445116399
0.8103546292927853
0.8108647860157108
0.8113748147811127
0.8118847156896006
0.8123944888416966
0.8129041343378356
0.8134136522783652
0.8139230427635462
0.8144323058935529
0.8149414417684723
0.8154504504883046
0.8159593321529636
0.816468086862276
0.8169767147159828
0.8174852158137376
0.817993590255108
0.818501838139575
0.8190099595665339
0.8195179546352931
0.8200258234450754
0.8205335660950172
0.8210411826841691
0.8215486733114961
0.8220560380758766
0.822563277076104
0.8230703904108853
0.8235773781788426
0.8240842404785118
0.8245909774083441
0.8250975890667042
0.8256040755518723
0.8261104369620431
0.8266166733953261
0.8271227849497456
0.8276287717232409
0.8281346338136663
0.8286403713187913
0.8291459843363004
0.8296514729637934
0.8301568372987854
0.830662077438707
0.8311671934809038
0.8316721855226374
0.832177053661085
0.8326817979933387
0.8331864186164073
0.8336909156272146
0.8341952891226009
0.834699539199322
0.8352036659540502
0.8357076694833729
0.8362115498837945
0.8367153072517356
0.8372189416835326
0.8377224532754386
0.8382258421236228
0.8387291083241715
0.8392322519730866
0.8397352731662874
0.8402381719996096
0.840740948568806
0.8412436029695459
0.8417461352974156
0.8422485456479183
0.842750834116474
0.8432530007984206
0.8437550457890124
0.8442569691834213
0.8447587710767366
0.8452604515639646
0.8457620107400294
0.8462634486997725
0.8467647655379531
0.8472659613492478
0.8477670362282512
0.8482679902694756
0.8487688235673511
0.8492695362162259
0.849770128310366
0.8502705999439556
0.8507709512110969
0.8512711822058106
0.8517712930220354
0.8522712837536285
0.8527711544943652
0.8532709053379398
0.8537705363779649
0.8542700477079713
0.8547694394214091
0.8552687116116471
0.8557678643719724
0.8562668977955914
0.8567658119756292
0.8572646070051302
0.8577632829770578
0.8582618399842944
0.8587602781196417
0.8592585974758208
0.8597567981454721
0.8602548802211555
0.8607528437953499
0.8612506889604544
0.8617484158087874
0.8622460244325868
0.8627435149240107
0.8632408873751368
0.8637381418779626
0.8642352785244056
0.8647322974063034
0.8652291986154137
0.8657259822434142
0.8662226483819031
0.8667191971223985
0.8672156285563392
0.867711942775084
0.8682081398699126
0.8687042199320252
0.8692001830525423
0.8696960293225053
0.8701917588328765
0.8706873716745385
0.8711828679382954
0.8716782477148718
0.8721735110949137
0.8726686581689876
0.8731636890275817
0.8736586037611052
0.8741534024598883
0.8746480852141829
0.8751426521141622
0.8756371032499211
0.8761314387114753
0.8766256585887627
0.8771197629716431
0.8776137519498972
0.878107625613228
0.8786013840512605
0.8790950273535413
0.8795885556095387
0.8800819689086442
0.8805752673401701
0.8810684509933516
0.881561519957346
0.8820544743212325
0.8825473141740134
0.8830400396046131
0.8835326507018781
0.8840251475545782
0.8845175302514053
0.8850097988809743
0.8855019535318226
0.8859939942924104
0.886485921251121
0.8869777344962606
0.8874694341160582
0.8879610201986661
0.8884524928321594
0.888943852104537
0.8894350981037207
0.8899262309175555
0.89041725063381
0.8909081573401761
0.8913989511242695
0.8918896320736288
0.8923802002757172
0.8928706558179209
0.89336099878755
0.8938512292718388
0.8943413473579451
0.8948313531329507
0.8953212466838616
0.8958110280976076
0.896300697461043
0.896790254860946
0.8972797003840192
0.8977690341168895
0.8982582561461085
0.8987473665581517
0.8992363654394196
0.8997252528762368
0.9002140289548529
0.9007026937614424
0.9011912473821041
0.9016796899028618
0.9021680214096643
0.9026562419883855
0.9031443517248235
0.9036323507047026
0.9041202390136714
0.9046080167373043
0.9050956839611004
0.9055832407704846
0.9060706872508069
0.9065580234873427
0.9070452495652933
0.9075323655697852
0.9080193715858705
0.9085062676985275
0.9089930539926594
0.9094797305530962
0.909966297464593
0.9104527548118312
0.9109391026794181
0.9114253411518871
0.9119114703136977
0.9123974902492356
0.9128834010428125
0.913369202778667
0.9138548955409634
0.914340479413793
0.914825954481173
0.9153113208270475
0.9157965785352874
0.9162817276896899
0.9167667683739787
0.9172517006718051
0.9177365246667465
0.9182212404423076
0.9187058480819199
0.9191903476689419
0.9196747392866594
0.9201590230182851
0.9206431989469591
0.9211272671557486
0.9216112277276483
0.9220950807455801
0.9225788262923935
0.9230624644508654
0.9235459953037004
0.9240294189335305
0.9245127354229156
0.9249959448543433
0.925479047310229
0.9259620428729156
0.9264449316246747
0.9269277136477051
0.9274103890241341
0.9278929578360169
0.9283754201653369
0.9288577760940059
0.9293400257038638
0.9298221690766787
0.9303042062941472
0.9307861374378946
0.9312679625894744
0.9317496818303688
0.9322312952419886
0.9327128029056733
0.933194204902691
0.933675501314239
0.9341566922214429
0.9346377777053578
0.9351187578469675
0.9355996327271846
0.9360804024268511
0.936561067026738
0.9370416266075458
0.9375220812499038
0.9380024310343712
0.9384826760414364
0.9389628163515168
0.9394428520449597
0.9399227832020418
0.9404026099029694
0.9408823322278788
0.9413619502568357
0.9418414640698356
0.9423208737468041
0.9428001793675962
0.9432793810119977
0.9437584787597235
0.9442374726904191
0.9447163628836601
0.9451951494189522
0.9456738323757313
0.9461524118333636
0.9466308878711458
0.947109260568305
0.9475875300039985
0.9480656962573146
0.9485437594072719
0.9490217195328196
0.9494995767128378
0.949977331026137
0.950454982551459
0.9509325313674761
0.9514099775527918
0.9518873211859402
0.9523645623453869
0.9528417011095283
0.953318737556692
0.953795671765137
0.9542725038130533
0.9547492337785622
0.9552258617397169
0.9557023877745012
0.9561788119608312
0.956655134376554
0.9571313550994486
0.9576074742072254
0.9580834917775266
0.9585594078879265
0.9590352226159307
0.9595109360389771
0.9599865482344352
0.9604620592796068
0.9609374692517255
0.9614127782279575
0.9618879862854002
0.9623630935010842
0.9628380999519718
0.9633130057149577
0.9637878108668694
0.9642625154844661
0.9647371196444399
0.9652116234234156
0.9656860268979506
0.9661603301445344
0.9666345332395898
0.9671086362594721
0.9675826392804693
0.9680565423788026
0.968530345630626
0.9690040491120263
0.9694776528990238
0.9699511570675713
0.9704245616935553
0.970897866852795
0.971371072621043
0.9718441790739856
0.972317186287242
0.972790094336365
0.9732629032968407
0.9737356132440889
0.9742082242534631
0.9746807364002503
0.975153149759671
0.9756254644068798
0.9760976804169647
0.9765697978649478
0.9770418168257851
0.9775137373743665
0.977985559585516
0.9784572835339918
0.9789289092944856
0.9794004369416238
0.979871866549967
0.98034319819401
0.9808144319481815
0.9812855678868456
0.9817566060843
0.9822275466147773
0.9826983895524442
0.9831691349714022
0.9836397829456878
0.9841103335492717
0.9845807868560599
0.9850511429398925
0.9855214018745451
0.9859915637337276
0.9864616285910858
0.9869315965201997
0.9874014675945844
0.9878712418876906
0.9883409194729039
0.9888105004235452
0.9892799848128705
0.9897493727140713
0.9902186642002745
0.9906878593445425
0.991156958219873
0.9916259608991994
0.9920948674553907
0.9925636779612512
0.9930323924895216
0.9935010111128776
0.9939695339039313
0.9944379609352302
0.994906292279258
0.9953745280084342
0.9958426681951145
0.9963107129115906
0.9967786622300903
0.9972465162227773
0.9977142749617518
0.9981819385190503
0.9986495069666457
0.9991169803764468
0.9995843588202995
1.0000516423699857
1.000518831097224
1.0009859250736697
1.001452924370914
1.0019198290604856
1.0023866392138499
1.0028533549024086
1.0033199761975007
1.0037865031704019
1.0042529358923242
1.0047192744344178
1.0051855188677692
1.0056516692634023
1.0061177256922778
1.0065836882252936
1.0070495569332856
1.0075153318870254
1.0079810131572235
1.0084466008145274
1.0089120949295216
1.0093774955727284
1.009842802814608
1.0103080167255574
1.0107731373759112
1.0112381648359432
1.0117030991758633
1.0121679404658197
1.0126326887758985
1.013097344176124
1.013561906736458
1.0140263765268005
1.0144907536169894
1.0149550380768009
1.0154192299759495
1.015883329384087
1.0163473363708047
1.0168112510056309
1.0172750733580338
1.0177388034974186
1.0182024414931292
1.0186659874144486
1.019129441330598
1.0195928033107373
1.0200560734239648
1.0205192517393173
1.020982338325771
1.0214453332522406
1.0219082365875793
1.0223710484005795
1.0228337687599725
1.0232963977344287
1.0237589353925574
1.0242213818029067
1.0246837370339643
1.0251460011541573
1.0256081742318508
1.0260702563353505
1.026532247532901
1.026994147892686
1.027455957482829
1.0279176763713929
1.0283793046263796
1.0288408423157311
1.029302289507329
1.0297636462689945
1.0302249126684884
1.0306860887735114
1.031147174651704
1.0316081703706463
1.0320690759978588
1.0325298916008014
1.0329906172468748
1.0334512530034186
1.033911798937713
1.034372255116979
1.034832621608377
1.0352928984790077
1.0357530857959125
1.0362131836260733
1.0366731920364116
1.0371331110937896
1.0375929408650102
1.0380526814168172
1.038512332815894
1.0389718951288658
1.0394313684222967
1.0398907527626937
1.0403500482165031
1.0408092548501124
1.04126837272985
1.0417274019219849
1.0421863424927278
1.0426451945082298
1.043103958034583
1.0435626331378207
1.0440212198839178
1.0444797183387897
1.0449381285682937
1.0453964506382274
1.045854684614331
1.046312830562285
1.046770888547712
1.0472288586361758
1.0476867408931814
1.048144535384176
1.0486022421745482
1.049059861329628
1.0495173929146873
1.0499748369949398
1.0504321936355405
1.0508894629015868
1.0513466448581181
1.0518037395701154
1.0522607471025018
1.0527176675201422
1.0531745008878437
1.0536312472703555
1.0540879067323692
1.0545444793385186
1.0550009651533792
1.055457364241469
1.0559136766672494
1.056369902495123
1.0568260417894346
1.0572820946144723
1.0577380610344669
1.0581939411135912
1.05864973491596
1.0591054425056328
1.0595610639466098
1.060016599302835
1.0604720486381947
1.0609274120165182
1.061382689501578
1.0618378811570894
1.0622929870467104
1.0627480072340418
1.0632029417826285
1.0636577907559577
1.06411255421746
1.064567232230509
1.0650218248584218
1.0654763321644585
1.0659307542118233
1.0663850910636632
1.0668393427830685
1.067293509433073
1.0677475910766543
1.0682015877767335
1.0686554995961752
1.0691093265977878
1.0695630688443236
1.0700167263984781
1.070470299322891
1.0709237876801458
1.0713771915327694
1.0718305109432331
1.0722837459739523
1.072736896687286
1.0731899631455373
1.0736429454109542
1.0740958435457275
1.0745486576119931
1.0750013876718312
1.0754540337872653
1.0759065960202647
1.0763590744327416
1.0768114690865536
1.077263780043502
1.077716007365334
1.0781681511137398
1.0786202113503547
1.0790721881367584
1.079524081534476
1.0799758916049769
1.0804276184096748
1.080879262009929
1.0813308224670428
1.0817822998422653
1.0822336941967896
1.0826850055917547
1.0831362340882442
1.0835873797472866
1.0840384426298555
1.0844894227968696
1.0849403203091934
1.085391135227636
1.0858418676129515
1.0862925175258407
1.0867430850269482
1.087193570176865
1.087643973036127
1.088094293665216
1.088544532124559
1.0889946884745287
1.0894447627754438
1.0898947550875675
1.09034466547111
1.0907944939862266
1.0912442406930187
1.0916939056515338
1.092143488921764
1.0925929905636484
1.093042410637072
1.0934917492018654
1.0939410063178057
1.0943901820446158
1.0948392764419643
1.0952882895694669
1.095737221486685
1.0961860722531263
1.0966348419282446
1.0970835305714401
1.0975321382420602
1.0979806649993975
1.0984291109026918
1.0988774760111286
1.0993257603838416
1.0997739640799091
1.1002220871583575
1.1006701296781594
1.1011180916982337
1.1015659732774465
1.1020137744746108
1.1024614953484861
1.1029091359577792
1.1033566963611432
1.103804176617179
1.1042515767844334
1.104698896921401
1.1051461370865239
1.1055932973381903
1.106040377734736
1.1064873783344444
1.1069342991955455
1.107381140376217
1.1078279019345838
1.108274583928718
1.1087211864166397
1.1091677094563164
1.109614153105662
1.110060517422539
1.110506802464757
1.110953008290074
1.1113991349561947
1.1118451825207718
1.1122911510414064
1.112737040575646
1.1131828511809871
1.113628582914874
1.1140742358346978
1.1145198099977986
1.1149653054614646
1.1154107222829315
1.1158560605193832
1.116301320227952
1.1167465014657174
1.1171916042897083
1.1176366287569013
1.1180815749242208
1.11852644284854
1.1189712325866807
1.1194159441954126
1.119860577731454
1.120305133251472
1.1207496108120814
1.1211940104698461
1.121638332281279
1.1220825763028408
1.1225267425909409
1.1229708312019382
1.1234148421921397
1.1238587756178011
1.1243026315351274
1.1247464100002724
1.1251901110693383
1.1256337347983765
1.126077281243388
1.1265207504603214
1.126964142505076
1.1274074574334993
1.127850695301388
1.1282938561644875
1.128736940078494
1.1291799470990511
1.1296228772817527
1.1300657306821422
1.1305085073557117
1.130951207357903
1.1313938307441078
1.1318363775696665
1.1322788478898695
1.1327212417599568
1.133163559235118
1.1336058003704916
1.1340479652211672
1.1344900538421832
1.1349320662885274
1.1353740026151382
1.1358158628769037
1.1362576471286618
1.1366993554252
1.137140987821256
1.1375825443715175
1.1380240251306224
1.1384654301531583
1.1389067594936633
1.1393480132066254
1.1397891913464828
1.140230293967624
1.1406713211243877
1.141112272871063
1.141553149261889
1.1419939503510557
1.1424346761927031
1.1428753268409217
1.143315902349753
1.1437564027731884
1.14419682816517
1.1446371785795906
1.145077454070294
1.1455176546910735
1.1459577804956746
1.1463978315377927
1.1468378078710744
1.1472777095491167
1.1477175366254677
1.148157289153626
1.1485969671870422
1.1490365707791173
1.1494760999832025
1.1499155548526014
1.1503549354405678
1.1507942418003068
1.1512334739849746
1.151672632047679
1.1521117160414787
1.152550726019384
1.1529896620343558
1.1534285241393076
1.153867312387103
1.1543060268305578
1.154744667522439
1.1551832345154651
1.1556217278623062
1.1560601476155838
1.1564984938278715
1.156936766551694
1.1573749658395278
1.1578130917438014
1.158251144316895
1.1586891236111398
1.15912702967882
1.1595648625721715
1.1600026223433813
1.1604403090445887
1.1608779227278854
1.1613154634453149
1.1617529312488726
1.1621903261905058
1.1626276483221143
1.16306489769555
1.163502074362617
1.1639391783750714
1.164376209784622
1.164813168642929
1.1652500550016063
1.165686868912219
1.1661236104262853
1.1665602795952759
1.1669968764706133
1.1674334011036729
1.1678698535457828
1.1683062338482235
1.1687425420622284
1.169178778238983
1.1696149424296265
1.1700510346852495
1.1704870550568967
1.1709230035955647
1.1713588803522033
1.171794685377715
1.1722304187229553
1.1726660804387328
1.173101670575809
1.1735371891848985
1.1739726363166685
1.17440801202174
1.1748433163506866
1.1752785493540352
1.1757137110822657
1.176148801585812
1.1765838209150603
1.1770187691203506
1.177453646251976
1.1778884523601836
1.1783231874951732
1.1787578517070985
1.179192445046066
1.1796269675621367
1.1800614193053245
1.180495800325597
1.1809301106728753
1.1813643503970344
1.1817985195479028
1.182232618175263
1.182666646328851
1.1831006040583567
1.1835344914134238
1.1839683084436499
1.1844020551985863
1.1848357317277385
1.1852693380805657
1.1857028743064812
1.1861363404548524
1.186569736575001
1.1870030627162025
1.1874363189276864
1.1878695052586368
1.1883026217581916
1.1887356684754435
1.1891686454594388
1.1896015527591783
1.1900343904236172
1.1904671585016655
1.190899857042187
1.1913324860940002
1.191765045705878
1.1921975359265478
1.192629956804692
1.1930623083889471
1.193494590727904
1.1939268038701087
1.194358947864062
1.194791022758219
1.19522302860099
1.1956549654407396
1.1960868333257872
1.196518632304408
1.1969503624248308
1.1973820237352397
1.1978136162837745
1.1982451401185292
1.1986765952875533
1.1991079818388504
1.1995392998203807
1.1999705492800583
1.200401730265753
1.2008328428252895
1.2012638870064478
1.2016948628569635
1.2021257704245274
1.2025566097567852
1.202987380901338
1.203418083905743
1.2038487188175118
1.204279285684112
1.2047097845529668
1.205140215471455
1.2055705784869104
1.2060008736466228
1.2064311009978377
1.2068612605877556
1.2072913524635334
1.2077213766722834
1.208151333261074
1.2085812222769288
1.209011043766828
1.2094407977777064
1.2098704843564563
1.2103001035499246
1.2107296554049143
1.2111591399681851
1.2115885572864522
1.2120179074063868
1.2124471903746166
1.2128764062377246
1.2133055550422511
1.2137346368346917
1.2141636516614984
1.2145925995690796
1.2150214806037996
1.2154502948119794
1.2158790422398962
1.2163077229337835
1.2167363369398312
1.2171648843041858
1.2175933650729498
1.218021779292183
1.2184501270079013
1.2188784082660769
1.2193066231126382
1.2197347715934714
1.2201628537544191
1.22059086964128
1.2210188192998097
1.221446702775721
1.2218745201146826
1.2223022713623208
1.2227299565642182
1.223157575765915
1.223585129012908
1.2240126163506504
1.2244400378245528
1.224867393479983
1.2252946833622655
1.2257219075166819
1.226149065988471
1.2265761588228288
1.2270031860649082
1.22743014775982
1.227857043952631
1.2282838746883666
1.2287106400120082
1.2291373399684957
1.2295639746027254
1.2299905439595513
1.2304170480837853
1.2308434870201959
1.2312698608135095
1.2316961695084105
1.23212241314954
1.2325485917814973
1.2329747054488387
1.233400754196078
1.233826738067688
1.2342526571080976
1.2346785113616945
1.2351043008728235
1.2355300256857877
1.2359556858448475
1.2363812813942214
1.236806812378086
1.237232278840575
1.237657680825781
1.2380830183777547
1.2385082915405032
1.2389335003579933
1.2393586448741492
1.2397837251328532
1.2402087411779454
1.240633693053225
1.2410585808024481
1.2414834044693306
1.2419081640975451
1.2423328597307233
1.2427574914124548
1.243182059186288
1.2436065630957294
1.2440310031842436
1.2444553794952542
1.2448796920721423
1.2453039409582491
1.2457281261968727
1.246152247831271
1.246576305904659
1.247000300460212
1.2474242315410629
1.247848099190303
1.248271903450983
1.2486956443661124
1.2491193219786587
1.2495429363315491
1.2499664874676686
1.2503899754298617
1.2508134002609315
1.2512367620036404
1.2516600607007093
1.252083296394818
1.2525064691286059
1.2529295789446708
1.2533526258855698
1.253775609993819
1.2541985313118937
1.2546213898822283
1.2550441857472163
1.2554669189492105
1.2558895895305227
1.2563121975334246
1.2567347430001463
1.2571572259728778
1.2575796464937683
1.258002004604926
1.258424300348419
1.2588465337662744
1.2592687049004792
1.25969081379298
1.2601128604856822
1.2605348450204517
1.2609567674391127
1.2613786277834507
1.261800426095209
1.2622221624160912
1.262643836787762
1.2630654492518436
1.2634869998499194
1.2639084886235323
1.2643299156141843
1.2647512808633385
1.2651725844124169
1.2655938263028015
1.2660150065758344
1.2664361252728176
1.2668571824350132
1.267278178103643
1.2676991123198895
1.2681199851248945
1.26854079655976
1.2689615466655484
1.2693822354832827
1.269802863053945
1.2702234294184782
1.2706439346177854
1.27106437869273
1.2714847616841356
1.2719050836327859
1.2723253445794254
1.2727455445647589
1.2731656836294512
1.2735857618141277
1.274005779159375
1.274425735705739
1.2748456314937266
1.2752654665638057
1.275685240956404
1.27610495471191
1.2765246078706738
1.2769442004730043
1.2773637325591727
1.2777832041694106
1.2782026153439097
1.2786219661228229
1.2790412565462637
1.2794604866543067
1.279879656486987
1.2802987660843013
1.2807178154862064
1.2811368047326201
1.2815557338634218
1.281974602918451
1.282393411937509
1.2828121609603584
1.2832308500267213
1.283649479176282
1.2840680484486864
1.2844865578835407
1.2849050075204125
1.2853233973988307
1.2857417275582852
1.2861599980382277
1.2865782088780708
1.2869963601171883
1.2874144517949158
1.2878324839505495
1.288250456623348
1.2886683698525305
1.2890862236772778
1.2895040181367328
1.2899217532699991
1.2903394291161423
1.2907570457141897
1.2911746031031295
1.291592101321912
1.2920095404094492
1.2924269204046146
1.2928442413462438
1.293261503273133
1.2936787062240416
1.2940958502376898
1.29451293535276
1.2949299616078964
1.295346929041705
1.2957638376927534
1.2961806875995716
1.2965974788006513
1.297014211334446
1.2974308852393717
1.297847500553806
1.2982640573160882
1.2986805555645204
1.2990969953373666
1.2995133766728528
1.299929699609167
1.3003459641844597
1.3007621704368437
1.3011783184043935
1.3015944081251456
1.3020104396371002
1.3024264129782182
1.302842328186424
1.303258185299604
1.3036739843556064
1.3040897253922423
1.3045054084472856
1.3049210335584722
1.3053366007635003
1.3057521101000313
1.3061675616056887
1.3065829553180583
1.3069982912746894
1.307413569513093
1.307828790070743
1.3082439529850762
1.3086590582934918
1.309074106033352
1.3094890962419814
1.3099040289566677
1.3103189042146617
1.3107337220531763
1.3111484825093875
1.311563185620434
1.3119778314234185
1.312392419955405
1.3128069512534215
1.3132214253544592
1.3136358422954713
1.3140502021133744
1.314464504845049
1.3148787505273374
1.3152929391970458
1.3157070708909435
1.3161211456457627
1.316535163498199
1.3169491244849112
1.3173630286425206
1.3177768760076134
1.3181906666167376
1.318604400506405
1.3190180777130907
1.3194316982732333
1.3198452622232344
1.3202587695994596
1.320672220438238
1.321085614775861
1.321498952648585
1.3219122340926286
1.3223254591441753
1.322738627839371
1.3231517402143254
1.3235647963051125
1.3239777961477688
1.3243907397782957
1.3248036272326573
1.325216458546782
1.3256292337565618
1.3260419528978526
1.3264546160064734
1.326867223118208
1.3272797742688036
1.3276922694939708
1.3281047088293845
1.328517092310684
1.3289294199734718
1.3293416918533145
1.3297539079857426
1.330166068406251
1.3305781731502992
1.330990222253309
1.3314022157506675
1.3318141536777262
1.3322260360698
1.3326378629621676
1.333049634390073
1.3334613503887243
1.3338730109932926
1.3342846162389144
1.33469616616069
1.3351076607936843
1.3355191001729263
1.3359304843334094
1.3363418133100913
1.3367530871378945
1.3371643058517055
1.3375754694863753
1.3379865780767195
1.338397631657518
1.3388086302635156
1.3392195739294215
1.3396304626899085
1.340041296579616
1.3404520756331462
1.340862799885067
1.3412734693699107
1.3416840841221735
1.3420946441763177
1.3425051495667695
1.3429156003279197
1.3433259964941242
1.3437363380997038
1.3441466251789442
1.3445568577660956
1.3449670358953734
1.3453771596009574
1.345787228916993
1.3461972438775902
1.3466072045168243
1.3470171108687348
1.3474269629673268
1.3478367608465702
1.3482465045404006
1.348656194082718
1.349065829507388
1.349475410848241
1.3498849381390725
1.3502944114136435
1.3507038307056798
1.351113196048873
1.3515225074768793
1.351931765023321
1.3523409687217849
1.352750118605823
1.353159214708954
1.3535682570646608
1.3539772457063917
1.3543861806675608
1.3547950619815474
1.3552038896816967
1.3556126638013188
1.3560213843736901
1.3564300514320513
1.3568386650096098
1.3572472251395382
1.3576557318549745
1.3580641851890227
1.3584725851747523
1.3588809318451982
1.3592892252333613
1.3596974653722083
1.3601056522946713
1.3605137860336483
1.3609218666220033
1.361329894092566
1.3617378684781316
1.3621457898114617
1.3625536581252835
1.3629614734522901
1.3633692358251404
1.3637769452764597
1.3641846018388386
1.3645922055448343
1.3649997564269696
1.3654072545177336
1.3658146998495815
1.3662220924549342
1.3666294323661792
1.3670367196156696
1.3674439542357253
1.3678511362586316
1.3682582657166407
1.3686653426419704
1.3690723670668057
1.3694793390232969
1.3698862585435607
1.3702931256596804
1.3706999404037057
1.371106702807652
1.3715134129035023
1.3719200707232047
1.3723266762986746
1.3727332296617933
1.3731397308444089
1.373546179878336
1.3739525767953553
1.3743589216272143
1.3747652144056275
1.3751714551622751
1.3755776439288043
1.3759837807368294
1.3763898656179303
1.3767958986036546
1.377201879725516
1.3776078090149952
1.3780136865035395
1.3784195122225626
1.3788252862034451
1.3792310084775352
1.379636679076147
1.3800422980305616
1.3804478653720271
1.380853381131759
1.3812588453409385
1.3816642580307146
1.382069619232203
1.3824749289764868
1.3828801872946157
1.3832853942176058
1.3836905497764413
1.3840956540020728
1.3845007069254185
1.384905708577363
1.3853106589887587
1.3857155581904246
1.3861204062131471
1.3865252030876798
1.3869299488447435
1.3873346435150264
1.3877392871291836
1.3881438797178376
1.3885484213115784
1.3889529119409632
1.389357351636516
1.389761740428729
1.3901660783480612
1.390570365424939
1.3909746016897568
1.3913787871728762
1.3917829219046254
1.3921870059153014
1.392591039235168
1.3929950218944565
1.393398953923366
1.3938028353520628
1.3942066662106813
1.394610446529323
1.3950141763380575
1.3954178556669214
1.39582148454592
1.396225063005025
1.396628591074177
1.3970320687832831
1.3974354961622197
1.39783887324083
1.3982422000489247
1.3986454766162835
1.3990487029726526
1.3994518791477468
1.3998550051712488
1.400258081072809
1.4006611068820456
1.4010640826285452
1.401467008341862
1.4018698840515185
1.4022727097870045
1.4026754855777785
1.403078211453267
1.4034808874428641
1.4038835135759329
1.4042860898818035
1.4046886163897747
1.4050910931291134
1.4054935201290548
1.4058958974188018
1.4062982250275262
1.406700502984368
1.4071027313184346
1.4075049100588024
1.407907039234516
1.4083091188745884
1.4087111490080002
1.4091131296637014
1.40951506087061
1.409916942657612
1.4103187750535617
1.4107205580872828
1.411122291787567
1.411523976183174
1.4119256113028327
1.41232719717524
1.4127287338290617
1.4131302212929318
1.413531659595453
1.413933048765197
1.4143343888307034
1.414735679820481
1.415136921763007
1.4155381146867274
1.4159392586200568
1.4163403535913783
1.4167413996290446
1.417142396761376
1.4175433450166628
1.417944244423163
1.4183450950091034
1.4187458968026807
1.4191466498320595
1.419547354125374
1.4199480097107269
1.4203486166161896
1.420749174869803
1.4211496844995761
1.4215501455334878
1.4219505579994853
1.4223509219254853
1.4227512373393736
1.4231515042690044
1.4235517227422017
1.423951892786758
1.4243520144304351
1.4247520877009645
1.425152112626046
1.4255520892333493
1.4259520175505125
1.4263518976051437
1.4267517294248198
1.4271515130370869
1.4275512484694606
1.4279509357494258
1.4283505749044365
1.4287501659619164
1.4291497089492577
1.4295492038938231
1.429948650822944
1.4303480497639214
1.4307474007440257
1.4311467037904966
1.4315459589305433
1.4319451661913447
1.432344325600049
1.4327434371837742
1.4331425009696073
1.4335415169846053
1.4339404852557947
1.434339405810172
1.4347382786747023
1.435137103876321
1.4355358814419334
1.435934611398414
1.4363332937726072
1.436731928591327
1.437130515881357
1.4375290556694513
1.437927547982333
1.4383259928466952
1.4387243902892008
1.4391227403364828
1.439521043015143
1.4399192983517548
1.44031750637286
1.4407156671049712
1.4411137805745704
1.4415118468081098
1.4419098658320115
1.4423078376726675
1.4427057623564397
1.4431036399096606
1.4435014703586317
1.4438992537296256
1.4442969900488845
1.4446946793426205
1.4450923216370166
1.445489916958225
1.4458874653323683
1.4462849667855395
1.4466824213438014
1.4470798290331879
1.447477189879702
1.447874503909318
1.4482717711479793
1.4486689916216005
1.4490661653560657
1.4494632923772304
1.4498603727109196
1.4502574063829288
1.450654393419024
1.4510513338449413
1.4514482276863878
1.4518450749690406
1.4522418757185471
1.4526386299605258
1.4530353377205647
1.4534319990242233
1.4538286138970309
1.454225182364488
1.4546217044520648
1.455018180185203
1.4554146095893137
1.4558109926897802
1.4562073295119549
1.4566036200811618
1.4569998644226954
1.4573960625618205
1.457792214523773
1.4581883203337591
1.4585843800169562
1.4589803935985124
1.4593763611035462
1.4597722825571473
1.4601681579843757
1.4605639874102632
1.4609597708598117
1.4613555083579937
1.461751199929753
1.4621468456000044
1.462542445393633
1.462937999335496
1.463333507450421
1.4637289697632057
1.4641243862986197
1.4645197570814037
1.4649150821362689
1.4653103614878975
1.4657055951609437
1.466100783180032
1.4664959255697574
1.4668910223546876
1.46728607355936
1.4676810792082842
1.4680760393259402
1.4684709539367797
1.4688658230652252
1.4692606467356704
1.4696554249724805
1.4700501577999916
1.4704448452425118
1.4708394873243202
1.4712340840696667
1.4716286355027732
1.4720231416478322
1.472417602529008
1.4728120181704365
1.4732063885962245
1.4736007138304505
1.4739949938971646
1.4743892288203884
1.4747834186241142
1.4751775633323065
1.475571662968901
1.4759657175578051
1.4763597271228974
1.4767536916880286
1.4771476112770205
1.4775414859136666
1.4779353156217325
1.478329100424955
1.4787228403470418
1.4791165354116735
1.479510185642502
1.47990379106315
1.4802973516972133
1.480690867568259
1.4810843386998251
1.4814777651154223
1.4818711468385324
1.4822644838926096
1.4826577763010802
1.4830510240873411
1.4834442272747617
1.4838373858866836
1.48423049994642
1.4846235694772558
1.485016594502448
1.4854095750452259
1.4858025111287902
1.4861954027763133
1.4865882500109404
1.4869810528557883
1.487373811333946
1.4877665254684742
1.488159195282406
1.488551820798746
1.4889444020404718
1.4893369390305322
1.4897294317918486
1.4901218803473144
1.490514284719795
1.4909066449321287
1.4912989610071246
1.4916912329675651
1.4920834608362052
1.4924756446357708
1.492867784388961
1.4932598801184471
1.4936519318468724
1.4940439395968526
1.4944359033909753
1.4948278232518013
1.4952196992018632
1.4956115312636662
1.4960033194596878
1.4963950638123775
1.496786764344158
1.4971784210774237
1.497570034034542
1.4979616032378524
1.4983531287096672
1.498744610472271
1.499136048547921
1.4995274429588468
1.49991879372725
1.5003101008753064
1.500701364425163
1.5010925843989398
1.5014837608187295
1.501874893706597
1.5022659830845806
1.5026570289746908
1.5030480313989107
1.5034389903791965
1.5038299059374765
1.5042207780956522
1.504611606875598
1.5050023922991604
1.5053931343881592
1.5057838331643876
1.5061744886496102
1.5065651008655654
1.5069556698339641
1.5073461955764895
1.5077366781147992
1.5081271174705226
1.5085175136652622
1.5089078667205935
1.5092981766580644
1.5096884434991968
1.510078667265485
1.510468847978396
1.5108589856593706
1.5112490803298222
1.5116391320111366
1.5120291407246733
1.5124191064917654
1.512809029333718
1.51319890927181
1.5135887463272935
1.5139785405213932
1.5143682918753074
1.5147580004102075
1.5151476661472376
1.5155372891075156
1.5159268693121322
1.5163164067821517
1.5167059015386117
1.5170953536025227
1.5174847629948682
1.5178741297366063
1.5182634538486666
1.5186527353519537
1.5190419742673442
1.5194311706156889
1.5198203244178121
1.5202094356945108
1.5205985044665558
1.520987530754691
1.5213765145796345
1.521765455962077
1.522154354922683
1.5225432114820907
1.5229320256609113
1.5233207974797303
1.5237095269591057
1.5240982141195702
1.5244868589816296
1.5248754615657625
1.5252640218924218
1.5256525399820344
1.5260410158550002
1.5264294495316928
1.5268178410324595
1.5272061903776215
1.5275944975874733
1.527982762682284
1.5283709856822953
1.528759166607723
1.5291473054787565
1.5295354023155603
1.5299234571382705
1.5303114699669986
1.5306994408218293
1.5310873697228213
1.5314752566900072
1.5318631017433928
1.532250904902959
1.5326386661886595
1.5330263856204223
1.5334140632181492
1.5338016990017167
1.5341892929909742
1.534576845205745
1.5349643556658275
1.535351824390993
1.5357392514009875
1.536126636715531
1.5365139803543169
1.5369012823370134
1.5372885426832623
1.5376757614126801
1.5380629385448563
1.538450074099356
1.538837168095717
1.5392242205534514
1.5396112314920465
1.5399982009309634
1.5403851288896369
1.5407720153874764
1.5411588604438655
1.541545664078162
1.5419324263096974
1.5423191471577784
1.5427058266416855
1.5430924647806739
1.5434790615939722
1.5438656171007845
1.5442521313202884
1.5446386042716358
1.545025035973954
1.5454114264463432
1.5457977757078794
1.546184083777612
1.5465703506745654
1.5469565764177389
1.5473427610261044
1.5477289045186104
1.5481150069141791
1.548501068231707
1.5488870884900652
1.5492730677080995
1.54965900590463
1.5500449030984516
1.5504307593083335
1.5508165745530202
1.5512023488512299
1.5515880822216561
1.5519737746829665
1.5523594262538034
1.5527450369527847
1.5531306067985016
1.553516135809521
1.5539016240043846
1.5542870714016082
1.5546724780196821
1.5550578438770728
1.55544316899222
1.555828453383539
1.5562136970694196
1.556598900068227
1.5569840623983002
1.5573691840779542
1.5577542651254777
1.5581393055591348
1.5585243053971651
1.5589092646577825
1.5592941833591758
1.5596790615195086
1.56006389915692
1.5604486962895234
1.5608334529354075
1.5612181691126361
1.5616028448392483
1.5619874801332576
1.5623720750126529
1.5627566294953976
1.5631411435994311
1.563525617342667
1.5639100507429946
1.564294443818278
1.5646787965863564
1.5650631090650449
1.5654473812721321
1.5658316132253831
1.566215804942538
1.5665999564413122
1.5669840677393954
1.5673681388544534
1.567752169804127
1.5681361606060324
1.5685201112777611
1.5689040218368795
1.5692878923009295
1.5696717226874282
1.5700555130138685
1.5704392632977178
1.5708229735564199
1.5712066438073924
1.57159027406803
1.5719738643557024
1.572357414687754
1.5727409250815045
1.5731243955542504
1.573507826123262
1.5738912168057864
1.5742745676190455
1.5746578785802368
1.5750411497065333
1.5754243810150834
1.5758075725230116
1.5761907242474174
1.5765738362053758
1.5769569084139379
1.5773399408901299
1.5777229336509535
1.578105886713387
1.5784888000943833
1.578871673810871
1.579254507879755
1.5796373023179155
1.5800200571422085
1.5804027723694656
1.5807854480164938
1.5811680841000766
1.5815506806369726
1.5819332376439164
1.5823157551376184
1.5826982331347645
1.5830806716520174
1.583463070706014
1.5838454303133682
1.5842277504906699
1.5846100312544837
1.584992272621351
1.5853744746077894
1.585756637230291
1.5861387605053252
1.5865208444493364
1.5869028890787458
1.5872848944099496
1.587666860459321
1.5880487872432083
1.588430674777936
1.5888125230798051
1.5891943321650919
1.5895761020500494
1.589957832750906
1.590339524283867
1.5907211766651128
1.5911027899108008
1.5914843640370637
1.5918658990600107
1.5922473949957276
1.5926288518602758
1.5930102696696928
1.5933916484399924
1.5937729881871645
1.5941542889271754
1.5945355506759677
1.59491677344946
1.595297957263547
1.5956791021341
1.5960602080769661
1.5964412751079693
1.5968223032429096
1.5972032924975632
1.5975842428876827
1.5979651544289974
1.5983460271372123
1.5987268610280088
1.5991076561170456
1.5994884124199567
1.599869129952353
1.6002498087298218
1.6006304487679268
1.6010110500822083
1.6013916126881826
1.601772136601343
1.6021526218371591
1.602533068411077
1.6029134763385189
1.603293845634884
1.603674176315548
1.604054468395863
1.604434721891158
1.6048149368167384
1.6051951131878854
1.6055752510198582
1.6059553503278916
1.6063354111271972
1.6067154334329636
1.607095417260356
1.6074753626245162
1.6078552695405626
1.6082351380235902
1.6086149680886705
1.6089947597508525
1.6093745130251613
1.6097542279265993
1.6101339044701448
1.6105135426707535
1.610893142543358
1.611272704102867
1.611652227364167
1.6120317123421206
1.6124111590515675
1.6127905675073244
1.6131699377241846
1.6135492697169183
1.613928563500273
1.6143078190889721
1.6146870364977173
1.615066215741186
1.615445356834033
1.6158244597908908
1.616203524626368
1.61658255135505
1.6169615399914998
1.6173404905502575
1.61771940304584
1.6180982774927406
1.618477113905431
1.618855912298359
1.6192346726859492
1.6196133950826042
1.619992079502703
1.6203707259606022
1.6207493344706354
1.621127905047113
1.6215064377043231
1.6218849324565308
1.622263389317978
1.6226418083028844
1.6230201894254466
1.623398532699838
1.6237768381402098
1.6241551057606904
1.6245333355753857
1.6249115275983779
1.6252896818437272
1.6256677983254713
1.6260458770576247
1.6264239180541797
1.6268019213291056
1.6271798868963492
1.6275578147698344
1.6279357049634628
1.6283135574911134
1.6286913723666423
1.6290691496038832
1.6294468892166474
1.629824591218723
1.6302022556238767
1.6305798824458515
1.6309574716983684
1.6313350233951258
1.6317125375497998
1.632090014176044
1.632467453287489
1.6328448548977434
1.6332222190203938
1.6335995456690033
1.6339768348571133
1.6343540865982424
1.6347313009058875
1.6351084777935225
1.6354856172745993
1.6358627193625468
1.636239784070772
1.6366168114126602
1.6369938014015728
1.6373707540508506
1.6377476693738113
1.6381245473837498
1.6385013880939396
1.6388781915176318
1.639254957668055
1.6396316865584157
1.6400083782018982
1.6403850326116645
1.6407616498008544
1.6411382297825854
1.6415147725699533
1.6418912781760315
1.6422677466138709
1.6426441778965009
1.6430205720369284
1.643396929048138
1.643773248943093
1.6441495317347334
1.6445257774359785
1.6449019860597247
1.6452781576188467
1.6456542921261963
1.6460303895946045
1.6464064500368794
1.6467824734658079
1.6471584598941542
1.6475344093346616
1.6479103218000501
1.6482861973030187
1.6486620358562436
1.6490378374723798
1.6494136021640602
1.649789329943896
1.650165020824476
1.6505406748183677
1.6509162919381166
1.6512918721962462
1.651667415605258
1.6520429221776323
1.6524183919258268
1.6527938248622782
1.6531692209994007
1.653544580349587
1.6539199029252085
1.6542951887386146
1.6546704378021324
1.655045650128068
1.6554208257287053
1.6557959646163067
1.6561710668031133
1.6565461323013437
1.6569211611231958
1.657296153280845
1.6576711087864455
1.6580460276521298
1.658420909890009
1.658795755512172
1.6591705645306867
1.6595453369575994
1.6599200728049346
1.6602947720846952
1.660669434808863
1.661044060989398
1.661418650638238
1.6617932037673009
1.6621677203884817
1.6625422005136545
1.662916644154672
1.6632910513233656
1.6636654220315443
1.6640397562909968
1.6644140541134895
1.6647883155107681
1.6651625404945565
1.6655367290765573
1.665910881268452
1.6662849970819005
1.6666590765285414
1.667033119619992
1.6674071263678478
1.6677810967836841
1.6681550308790538
1.6685289286654892
1.6689027901545013
1.6692766153575793
1.6696504042861917
1.6700241569517855
1.6703978733657867
1.6707715535395997
1.671145197484608
1.6715188052121743
1.671892376733639
1.6722659120603227
1.672639411203524
1.6730128741745203
1.6733863009845684
1.6737596916449036
1.67413304616674
1.6745063645612714
1.6748796468396698
1.6752528930130859
1.67562610309265
1.6759992770894714
1.6763724150146377
1.676745516879216
1.6771185826942523
1.6774916124707713
1.6778646062197773
1.678237563952253
1.678610485679161
1.6789833714114422
1.6793562211600166
1.6797290349357836
1.6801018127496214
1.6804745546123876
1.6808472605349187
1.6812199305280306
1.6815925646025178
1.6819651627691545
1.6823377250386942
1.6827102514218686
1.6830827419293894
1.6834551965719478
1.6838276153602132
1.684199998304835
1.6845723454164416
1.6849446567056405
1.6853169321830184
1.6856891718591418
1.6860613757445562
1.686433543849786
1.6868056761853352
1.6871777727616875
1.6875498335893053
1.687921858678631
1.6882938480400855
1.6886658016840699
1.6890377196209643
1.6894096018611278
1.6897814484148996
1.6901532592925983
1.6905250345045213
1.6908967740609457
1.691268477972128
1.691640146248305
1.6920117788996913
1.6923833759364826
1.6927549373688529
1.6931264632069567
1.6934979534609271
1.6938694081408776
1.6942408272569007
1.6946122108190687
1.694983558837433
1.6953548713220246
1.695726148282855
1.696097389729914
1.6964685956731727
1.69683976612258
1.6972109010880656
1.6975820005795386
1.697953064606887
1.6983240931799797
1.6986950863086647
1.6990660440027696
1.6994369662721016
1.699807853126448
1.7001787045755754
1.7005495206292307
1.7009203012971401
1.7012910465890099
1.7016617565145253
1.7020324310833528
1.702403070305137
1.7027736741895036
1.703144242746058
1.7035147759843843
1.7038852739140475
1.7042557365445925
1.7046261638855436
1.704996555946405
1.7053669127366609
1.7057372342657755
1.706107520543193
1.7064777715783372
1.706847987380612
1.707218167959401
1.7075883133240684
1.7079584234839578
1.7083284984483926
1.7086985382266773
1.7090685428280952
1.7094385122619102
1.709808446537366
1.7101783456636863
1.7105482096500748
1.710918038505716
1.7112878322397738
1.7116575908613918
1.7120273143796945
1.7123970028037863
1.7127666561427515
1.7131362744056544
1.71350585760154
1.7138754057394334
1.7142449188283388
1.7146143968772414
1.7149838398951065
1.7153532478908795
1.7157226208734864
1.7160919588518326
1.7164612618348047
1.7168305298312692
1.7171997628500717
1.71756896090004
1.7179381239899814
1.7183072521286826
1.718676345324912
1.7190454035874174
1.7194144269249272
1.7197834153461502
1.7201523688597755
1.7205212874744726
1.7208901711988913
1.721259020041662
1.7216278340113949
1.721996613116681
1.722365357366092
1.7227340667681796
1.723102741331476
1.7234713810644937
1.7238399859757265
1.7242085560736478
1.7245770913667118
1.7249455918633532
1.725314057571987
1.7256824885010087
1.726050884658795
1.7264192460537024
1.7267875726940682
1.7271558645882104
1.7275241217444273
1.7278923441709981
1.7282605318761821
1.7286286848682197
1.728996803155332
1.7293648867457203
1.7297329356475668
1.7301009498690343
1.7304689294182665
1.7308368743033873
1.7312047845325016
1.7315726601136947
1.7319405010550333
1.7323083073645635
1.732676079050314
1.7330438161202932
1.7334115185824899
1.7337791864448744
1.734146819715397
1.7345144184019896
1.7348819825125645
1.7352495120550147
1.7356170070372146
1.7359844674670186
1.7363518933522626
1.7367192847007635
1.7370866415203183
1.737453963818705
1.7378212516036833
1.738188504882993
1.7385557236643554
1.738922907955472
1.7392900577640258
1.7396571730976809
1.7400242539640818
1.7403913003708542
1.740758312325605
1.741125289835922
1.7414922329093734
1.7418591415535096
1.7422260157758611
1.7425928555839398
1.7429596609852387
1.7433264319872313
1.7436931685973727
1.744059870823099
1.7444265386718276
1.7447931721509566
1.7451597712678653
1.745526336029914
1.7458928664444449
1.7462593625187803
1.7466258242602246
1.7469922516760625
1.7473586447735605
1.7477250035599663
1.7480913280425083
1.7484576182283968
1.7488238741248228
1.7491900957389583
1.7495562830779576
1.7499224361489554
1.7502885549590677
1.750654639515392
1.751020689825007
1.751386705894973
1.7517526877323315
1.752118635344105
1.7524845487372973
1.7528504279188943
1.753216272895862
1.7535820836751495
1.7539478602636855
1.7543136026683814
1.7546793108961294
1.755044984953803
1.7554106248482577
1.75577623058633
1.7561418021748378
1.756507339620581
1.7568728429303404
1.7572383121108783
1.7576037471689387
1.7579691481112472
1.7583345149445107
1.7586998476754174
1.759065146310638
1.7594304108568235
1.7597956413206075
1.7601608377086042
1.7605260000274106
1.760891128283604
1.7612562224837445
1.7616212826343727
1.7619863087420116
1.7623513008131655
1.7627162588543204
1.7630811828719442
1.7634460728724861
1.763810928862377
1.76417575084803
1.7645405388358395
1.7649052928321816
1.765270012843414
1.7656346988758767
1.7659993509358907
1.7663639690297592
1.766728553163767
1.7670931033441812
1.76745761957725
1.7678221018692037
1.7681865502262546
1.7685509646545963
1.768915345160405
1.769279691749838
1.7696440044290345
1.7700082832041162
1.7703725280811864
1.77073673906633
1.771100916165614
1.7714650593850874
1.771829168730781
1.7721932442087074
1.7725572858248615
1.7729212935852203
1.773285267495742
1.7736492075623669
1.7740131137910182
1.7743769861876006
1.7747408247580003
1.7751046295080863
1.7754684004437091
1.7758321375707014
1.7761958408948781
1.776559510422036
1.776923146157954
1.777286748108393
1.7776503162790962
1.7780138506757892
1.778377351304179
1.7787408181699549
1.7791042512787887
1.7794676506363345
1.7798310162482278
1.7801943481200868
1.780557646257512
1.7809209106660855
1.7812841413513725
1.7816473383189193
1.782010501574256
1.7823736311228935
1.7827367269703251
1.783099789122027
1.7834628175834575
1.783825812360057
1.7841887734572484
1.7845517008804366
1.784914594635009
1.7852774547263353
1.7856402811597678
1.7860030739406405
1.7863658330742707
1.7867285585659571
1.7870912504209817
1.7874539086446082
1.7878165332420826
1.788179124218634
1.7885416815794735
1.7889042053297946
1.7892666954747733
1.7896291520195688
1.7899915749693216
1.790353964329155
1.7907163201041756
1.7910786422994711
1.7914409309201127
1.7918031859711538
1.792165407457631
1.7925275953845623
1.7928897497569491
1.7932518705797753
1.7936139578580068
1.7939760115965926
1.7943380318004643
1.7947000184745363
1.7950619716237046
1.7954238912528493
1.7957857773668315
1.7961476299704968
1.796509449068672
1.7968712346661668
1.7972329867677745
1.7975947053782702
1.7979563905024123
1.7983180421449412
1.7986796603105804
1.7990412450040367
1.7994027962299985
1.7997643139931383
1.8001257982981105
1.800487249149552
1.800848666552083
1.801210050510307
1.8015714010288093
1.8019327181121592
1.8022940017649072
1.802655251991588
1.8030164687967187
1.8033776521847997
1.8037388021603138
1.8040999187277265
1.8044610018914866
1.8048220516560263
1.8051830680257595
1.805544051005084
1.8059050005983799
1.806265916810011
1.806626799644324
1.8069876491056478
1.8073484651982945
1.8077092479265597
1.808069997294722
1.8084307133070425
1.8087913959677655
1.809152045281119
1.809512661251313
1.8098732438825411
1.8102337931789803
1.81059430914479
1.8109547917841136
1.8113152411010764
1.811675657099788
1.8120360397843405
1.8123963891588093
1.8127567052272526
1.8131169879937126
1.8134772374622135
1.8138374536367639
1.8141976365213552
1.8145577861199615
1.81491790243654
1.8152779854750323
1.8156380352393622
1.8159980517334378
1.8163580349611488
1.8167179849263697
1.8170779016329572
1.8174377850847523
1.8177976352855787
1.8181574522392434
1.818517235949537
1.818876986420233
1.8192367036550887
1.819596387657845
1.819956038432225
1.8203156559819365
1.82067524031067
1.8210347914220995
1.8213943093198823
1.8217537940076596
1.8221132454890556
1.822472663767678
1.8228320488471181
1.8231914007309504
1.8235507194227332
1.8239100049260082
1.8242692572443004
1.8246284763811185
1.8249876623399546
1.8253468151242846
1.8257059347375677
1.8260650211832468
1.826424074464748
1.8267830945854815
1.8271420815488406
1.8275010353582024
1.8278599560169282
1.8282188435283617
1.8285776978958312
1.8289365191226485
1.8292953072121085
1.8296540621674904
1.8300127839920566
1.8303714726890534
1.8307301282617108
1.831088750713243
1.831447340046847
1.8318058962657031
1.8321644193729774
1.8325229093718178
1.8328813662653571
1.8332397900567112
1.8335981807489803
1.8339565383452479
1.8343148628485815
1.8346731542620327
1.8350314125886362
1.8353896378314114
1.8357478299933607
1.8361059890774711
1.8364641150867131
1.8368222080240408
1.8371802678923932
1.837538294694692
1.8378962884338437
1.838254249112738
1.8386121767342487
1.8389700713012345
1.8393279328165364
1.8396857612829804
1.8400435567033768
1.840401319080519
1.840759048417185
1.8411167447161365
1.8414744079801189
1.8418320382118627
1.8421896354140814
1.842547199589473
1.8429047307407198
1.8432622288704874
1.8436196939814264
1.843977126076171
1.844334525157339
1.8446918912275332
1.84504922428934
1.8454065243453304
1.845763791398059
1.8461210254500648
1.846478226503871
1.8468353945619855
1.8471925296268992
1.8475496317010882
1.847906700787012
1.8482637368871153
1.8486207400038266
1.8489777101395584
1.8493346472967072
1.8496915514776546
1.8500484226847662
1.8504052609203916
1.850762066186865
1.8511188384865043
1.851475577821612
1.851832284194476
1.8521889576073673
1.8525455980625414
1.8529022055622384
1.8532587801086828
1.8536153217040834
1.8539718303506334
1.8543283060505102
1.8546847488058757
1.855041158618877
1.8553975354916448
1.8557538794262944
1.8561101904249255
1.8564664684896224
1.8568227136224538
1.8571789258254732
1.8575351051007178
1.8578912514502104
1.8582473648759577
1.858603445379951
1.858959492964166
1.8593155076305632
1.8596714893810877
1.860027438217669
1.8603833541422212
1.8607392371566431
1.861095087262818
1.8614509044626144
1.8618066887578841
1.8621624401504646
1.862518158642178
1.8628738442348307
1.8632294969302148
1.863585116730105
1.8639407036362623
1.8642962576504323
1.8646517787743453
1.8650072670097158
1.8653627223582434
1.8657181448216122
1.8660735344014914
1.8664288910995348
1.8667842149173812
1.8671395058566531
1.8674947639189599
1.867849989105894
1.8682051814190335
1.8685603408599407
1.8689154674301633
1.869270561131234
1.8696256219646694
1.8699806499319724
1.8703356450346296
1.8706906072741127
1.871045536651879
1.8714004331693703
1.8717552968280131
1.8721101276292191
1.872464925574385
1.8728196906648917
1.8731744229021066
1.8735291222873807
1.8738837888220508
1.8742384225074384
1.8745930233448507
1.8749475913355782
1.8753021264808982
1.8756566287820722
1.8760110982403468
1.8763655348569541
1.8767199386331108
1.877074309570019
1.8774286476688657
1.8777829529308236
1.8781372253570499
1.8784914649486868
1.8788456717068622
1.8791998456326888
1.8795539867272646
1.879908094991673
1.8802621704269822
1.8806162130342459
1.8809702228145029
1.8813241997687769
1.8816781438980774
1.882032055203399
1.8823859336857207
1.8827397793460086
1.8830935921852126
1.8834473722042682
1.8838011194040964
1.8841548337856033
1.884508515349681
1.8848621640972056
1.8852157800290397
1.8855693631460309
1.8859229134490119
1.8862764309388014
1.8866299156162032
1.886983367482006
1.8873367865369846
1.8876901727818989
1.888043526217494
1.8883968468445012
1.8887501346636364
1.8891033896756013
1.8894566118810836
1.8898098012807556
1.8901629578752757
1.8905160816652875
1.8908691726514202
1.8912222308342885
1.8915752562144932
1.8919282487926197
1.8922812085692393
1.8926341355449097
1.8929870297201725
1.8933398910955561
1.893692719671575
1.8940455154487281
1.8943982784275002
1.8947510086083623
1.8951037059917706
1.895456370578167
1.8958090023679792
1.8961616013616203
1.8965141675594899
1.8968667009619722
1.897219201569438
1.897571669382243
1.8979241044007296
1.8982765066252252
1.8986288760560432
1.8989812126934826
1.8993335165378287
1.8996857875893522
1.9000380258483096
1.900390231314943
1.900742403989481
1.901094543872137
1.9014466509631114
1.9017987252625896
1.9021507667707436
1.9025027754877308
1.902854751413694
1.903206694548763
1.9035586048930524
1.9039104824466637
1.904262327209684
1.904614139182186
1.9049659183642291
1.9053176647558578
1.9056693783571028
1.9060210591679814
1.906372707188496
1.9067243224186354
1.907075904858375
1.907427454507675
1.907778971366483
1.9081304554347318
1.9084819067123402
1.9088333251992136
1.909184710895243
1.909536063800306
1.9098873839142654
1.9102386712369712
1.9105899257682593
1.910941147507951
1.9112923364558543
1.9116434926117638
1.9119946159754595
1.912345706546708
1.9126967643252617
1.9130477893108595
1.9133987815032263
1.9137497409020738
1.9141006675070997
1.9144515613179878
1.9148024223344076
1.9151532505560156
1.9155040459824546
1.9158548086133533
1.916205538448327
1.9165562354869776
1.9169068997288927
1.9172575311736464
1.9176081298207992
1.917958695669898
1.9183092287204762
1.9186597289720535
1.9190101964241355
1.9193606310762152
1.919711032927771
1.9200614019782682
1.9204117382271588
1.9207620416738809
1.921112312317859
1.9214625501585043
1.9218127551952142
1.9221629274273728
1.9225130668543509
1.922863173475505
1.9232132472901795
1.9235632882977034
1.9239132964973944
1.9242632718885553
1.924613214470476
1.9249631242424325
1.925313001203688
1.9256628453534925
1.9260126566910816
1.9263624352156778
1.9267121809264913
1.9270618938227175
1.9274115739035393
1.9277612211681265
1.9281108356156347
1.928460417245207
1.928809966055972
1.9291594820470468
1.929508965217534
1.9298584155665233
1.9302078330930903
1.9305572177962986
1.9309065696751984
1.9312558887288263
1.931605174956205
1.9319544283563455
1.9323036489282444
1.9326528366708855
1.93300199158324
1.933351113664265
1.9337002029129047
1.9340492593280907
1.9343982829087412
1.934747273653761
1.9350962315620417
1.9354451566324626
1.935794048863889
1.9361429082551738
1.936491734805157
1.936840528512664
1.9371892893765092
1.937538017395493
1.9378867125684027
1.9382353748940129
1.938584004371085
1.9389326009983674
1.9392811647745953
1.9396296956984918
1.9399781937687663
1.9403266589841155
1.9406750913432231
1.9410234908447601
1.9413718574873842
1.9417201912697402
1.9420684921904607
1.942416760248165
1.942764995441459
1.9431131977689369
1.9434613672291794
1.943809503820754
1.9441576075422156
1.9445056783921073
1.9448537163689579
1.945201721471284
1.94554969369759
1.9458976330463664
1.9462455395160925
1.9465934131052334
1.9469412538122421
1.9472890616355594
1.947636836573612
1.9479845786248153
1.9483322877875715
1.9486799640602694
1.9490276074412864
1.949375217928987
1.949722795521722
1.9500703402178305
1.950417852015639
1.9507653309134612
1.9511127769095977
1.9514601900023376
1.9518075701899564
1.9521549174707178
1.9525022318428724
1.9528495133046584
1.9531967618543018
1.9535439774900158
1.953891160210001
1.9542383100124459
1.9545854268955258
1.9549325108574045
1.9552795618962326
1.9556265800101484
1.9559735651972778
1.9563205174557343
1.9566674367836192
1.957014323179021
1.9573611766400159
1.9577079971646683
1.9580547847510292
1.9584015393971381
1.9587482611010216
1.9590949498606947
1.959441605674159
1.9597882285394044
1.9601348184544083
1.9604813754171364
1.9608278994255413
1.9611743904775638
1.9615208485711326
1.9618672737041634
1.9622136658745606
1.9625600250802155
1.962906351319008
1.9632526445888048
1.9635989048874618
1.9639451322128214
1.9642913265627144
1.9646374879349595
1.9649836163273633
1.9653297117377198
1.9656757741638111
1.9660218036034076
1.966367800054267
1.9667137635141352
1.9670596939807459
1.967405591451821
1.96775145592507
1.9680972873981906
1.9684430858688686
1.968788851334777
1.9691345837935779
1.9694802832429206
1.9698259496804422
1.9701715831037687
1.970517183510514
1.9708627508982792
1.971208285264654
1.9715537866072161
1.971899254923532
1.9722446902111548
1.9725900924676272
1.9729354616904786
1.9732807978772275
1.9736261010253804
1.9739713711324316
1.9743166081958636
1.9746618122131476
1.9750069831817425
1.9753521210990956
1.9756972259626422
1.9760422977698056
1.976387336517998
1.9767323422046195
1.977077314827058
1.9774222543826905
1.9777671608688814
1.978112034282984
1.9784568746223397
1.978801681884278
1.979146456066117
1.979491197165163
1.9798359051787107
1.980180580104043
1.9805252219384313
1.9808698306791352
1.9812144063234034
1.981558948868472
1.9819034583115653
1.9822479346498976
1.98259237788067
1.9829367880010726
1.9832811650082842
1.9836255088994719
1.983969819671791
1.984314097322386
1.9846583418483892
1.9850025532469213
1.9853467315150923
1.9856908766499997
1.9860349886487303
1.9863790675083595
1.9867231132259506
1.9870671257985564
1.9874111052232173
1.9877550514969629
1.9880989646168108
1.9884428445797682
1.9887866913828303
1.989130505022981
1.9894742854971927
1.989818032802427
1.9901617469356336
1.990505427893751
1.9908490756737067
1.9911926902724164
1.991536271686785
1.991879819913706
1.9922233349500615
1.9925668167927226
1.9929102654385487
1.9932536808843881
1.9935970631270787
1.9939404121634463
1.9942837279903054
1.9946270106044601
1.994970260002703
1.9953134761818152
1.9956566591385667
1.9959998088697168
1.9963429253720135
1.9966860086421938
1.9970290586769834
1.9973720754730968
1.9977150590272377
1.9980580093360985
1.9984009263963605
1.9987438102046944
1.9990866607577595
1.999429478052204
1.9997722620846654
2.0001150128517704
2.0004577303501345
2.000800414576361
2.0011430655270437
2.0014856831987653
2.001828267588097
2.0021708186916003
2.0025133365058245
2.002855821027308
2.003198272252578
2.0035406901781534
2.003883074800539
2.0042254261162302
2.0045677441217116
2.0049100288134563
2.0052522801879276
2.0055944982415777
2.005936682970847
2.0062788343721665
2.0066209524419545
2.0069630371766207
2.007305088572563
2.0076471066261696
2.0079890913338154
2.008331042691867
2.0086729606966798
2.009014845344598
2.009356696631955
2.009698514555074
2.0100402991102673
2.0103820502938365
2.010723768102073
2.011065452531257
2.011407103577658
2.0117487212375362
2.0120903055071397
2.012431856382706
2.012773373860463
2.0131148579366274
2.0134563086074055
2.013797725868993
2.014139109717576
2.0144804601493287
2.0148217771604147
2.015163060746988
2.015504310905193
2.015845527631161
2.016186710921015
2.016527860770867
2.016868977176818
2.0172100601349587
2.0175511096413703
2.0178921256921227
2.018233108283276
2.0185740574108793
2.0189149730709715
2.019255855259582
2.0195967039727285
2.019937519206419
2.020278300956651
2.0206190492194125
2.0209597639906804
2.021300445266421
2.021641093042591
2.0219817073151374
2.0223222880799954
2.0226628353330907
2.023003349070339
2.0233438292876453
2.023684275980905
2.0240246891460028
2.0243650687788137
2.024705414875202
2.025045727431022
2.0253860064421176
2.0257262519043238
2.026066463813464
2.0264066421653517
2.0267467869557914
2.027086898180576
2.027426975835489
2.027767019916304
2.0281070304187847
2.028447007338685
2.0287869506717477
2.0291268604137063
2.029466736560283
2.029806579107193
2.030146388050138
2.0304861633848126
2.0308259051068993
2.031165613212072
2.0315052876959934
2.0318449285543174
2.0321845357826884
2.032524109376739
2.0328636493320937
2.0332031556443666
2.0335426283091613
2.0338820673220717
2.034221472678683
2.0345608443745693
2.034900182405295
2.035239486766415
2.0355787574534756
2.035917994462011
2.0362571977875463
2.0365963674255974
2.036935503371671
2.0372746056212625
2.0376136741698594
2.0379527090129375
2.0382917101459643
2.038630677564398
2.0389696112636853
2.0393085112392644
2.039647377486563
2.039986210001
2.040325008777985
2.040663773812917
2.041002505101187
2.041341202638173
2.041679866419247
2.04201849643977
2.0423570926950934
2.042695655180559
2.0430341838914985
2.043372678823236
2.0437111399710837
2.0440495673303447
2.0443879608963145
2.0447263206642776
2.0450646466295095
2.0454029387872756
2.045741197132832
2.046079421661427
2.046417612368297
2.0467557692486698
2.0470938922977644
2.047431981510791
2.047770036882948
2.0481080584094262
2.048446046085407
2.048783999906062
2.049121919866554
2.049459805962036
2.049797658187652
2.0501354765385367
2.0504732610098144
2.0508110115966027
2.0511487282940064
2.051486411097123
2.0518240600010422
2.052161675000842
2.0524992560915916
2.052836803268353
2.0531743165261758
2.0535117958601035
2.0538492412651683
2.0541866527363943
2.054524030268796
2.0548613738573787
2.0551986834971387
2.055535959183064
2.0558732009101317
2.0562104086733113
2.056547582467563
2.056884722287838
2.0572218281290775
2.057558899986214
2.0578959378541724
2.058232941727866
2.058569911602202
2.0589068474720764
2.059243749332377
2.059580617177982
2.0599174510037614
2.0602542508045767
2.0605910165752794
2.060927748310713
2.0612644460057106
2.0616011096550984
2.061937739253692
2.062274334796298
2.062610896277717
2.0629474236927368
2.063283917036139
2.0636203763026955
2.063956801487169
2.0642931925843144
2.0646295495888767
2.0649658724955935
2.0653021612991918
2.0656384159943912
2.0659746365759024
2.066310823038427
2.066646975376657
2.0669830935852787
2.0673191776589666
2.067655227592387
2.0679912433801984
2.068327225017051
2.068663172497584
2.0689990858164315
2.069334964968216
2.069670809947553
2.0700066207490484
2.0703423973673005
2.070678139796898
2.071013848032421
2.0713495220684424
2.071685161899525
2.072020767520224
2.072356338925086
2.072691876108648
2.073027379065441
2.0733628477899844
2.073698282276791
2.0740336825203656
2.0743690485152015
2.0747043802557874
2.075039677736602
2.0753749409521145
2.0757101698967872
2.0760453645650734
2.0763805249514182
2.076715651050258
2.07705074285602
2.0773858003631256
2.0777208235659863
2.0780558124590045
2.0783907670365753
2.0787256872930855
2.0790605732229133
2.079395424820428
2.079730242079992
2.080065024995959
2.080399773562674
2.0807344877744733
2.081069167625687
2.0814038131106347
2.081738424223629
2.082073000958974
2.082407543310966
2.082742051273892
2.0830765248420327
2.083410964009659
2.083745368771035
2.084079739120415
2.0844140750520475
2.08474837656017
2.085082643639015
2.085416876282805
2.0857510744857546
2.0860852382420707
2.0864193675459517
2.086753462391589
2.0870875227731656
2.087421548684856
2.0877555401208276
2.088089497075238
2.088423419542239
2.0887573075159733
2.089091160990576
2.0894249799601736
2.0897587644188858
2.090092514360824
2.0904262297800913
2.0907599106707835
2.091093557026988
2.091427168842784
2.091760746112244
2.092094288829431
2.092427796988403
2.092761270583208
2.0930947096078865
2.093428114056471
2.0937614839229863
2.094094819201451
2.0944281198858734
2.094761385970256
2.095094617448593
2.095427814314871
2.095760976563068
2.0960941041871552
2.0964271971810966
2.096760255538847
2.0970932792543553
2.097426268321562
2.097759222734399
2.0980921424867924
2.0984250275726586
2.098757877985909
2.0990906937204445
2.0994234747701612
2.099756221128946
2.100088932790678
2.10042160974923
2.100754251998466
2.1010868595322436
2.101419432344412
2.101751970428814
2.1020844737792843
2.1024169423896497
2.10274937625373
2.103081775365338
2.103414139718278
2.1037464693063477
2.104078764123337
2.104411024163029
2.104743249419199
2.1050754398856153
2.105407595556038
2.1057397164242198
2.106071802483907
2.1064038537288385
2.106735870152746
2.1070678517493526
2.107399798512376
2.1077317104355244
2.1080635875125013
2.108395429737001
2.108727237102711
2.109059009603312
2.109390747232477
2.109722449983873
2.110054117851158
2.1103857508279837
2.1107173489079956
2.1110489120848297
2.111380440352117
2.111711933703481
2.1120433921325366
2.112374815632893
2.1127062041981532
2.113037557821911
2.1133688764977547
2.113700160219264
2.1140314089800127
2.1143626227735672
2.1146938015934884
2.1150249454333268
2.115356054286629
2.1156871281469343
2.1160181670077725
2.1163491708626694
2.116680139705142
2.117011073528701
2.1173419723268503
2.117672836093087
2.118003664820901
2.1183344585037758
2.118665217135187
2.118995940708604
2.119326629217489
2.119657282655298
2.1199879010154796
2.1203184842914755
2.120649032476722
2.120979545564647
2.1213100235486713
2.121640466422211
2.121970874178673
2.12230124681146
2.1226315843139654
2.1229618866795774
2.123292153901678
2.1236223859736403
2.1239525828888333
2.1242827446406176
2.1246128712223475
2.1249429626273715
2.1252730188490294
2.125603039880657
2.1259330257155815
2.126262976347125
2.126592891768602
2.1269227719733204
2.1272526169545825
2.127582426705682
2.1279122012199085
2.1282419404905437
2.1285716445108633
2.128901313274136
2.129230946773625
2.129560545002585
2.129890107954266
2.130219635621911
2.1305491279987567
2.130878585078033
2.131208006852965
2.1315373933167683
2.1318667444626547
2.132196060283829
2.1325253407734897
2.1328545859248274
2.1331837957310285
2.133512970185271
2.133842109280729
2.134171213010568
2.1345002813679494
2.134829314346027
2.1351583119379467
2.1354872741368514
2.1358162009358765
2.1361450923281495
2.1364739483067936
2.1368027688649263
2.137131553995656
2.1374603036920887
2.137789017947321
2.138117696754444
2.1384463401065448
2.1387749479967018
2.139103520417989
2.139432057363473
2.139760558826214
2.1400890247992685
2.1404174552756845
2.1407458502485053
2.1410742097107662
2.1414025336554996
2.141730822075729
2.142059074964474
2.142387292314746
2.1427154741195524
2.143043620371893
2.1433717310647626
2.143699806191151
2.14402784574404
2.1443558497164066
2.1446838181012207
2.1450117508914484
2.1453396480800477
2.145667509659973
2.1459953356241703
2.1463231259655817
2.146650880677143
2.146978599751783
2.147306283182426
2.1476339309619896
2.1479615430833863
2.1482891195395224
2.148616660323299
2.148944165427609
2.1492716348453444
2.1495990685693864
2.149926466592613
2.1502538289078976
2.1505811555081045
2.1509084463860955
2.151235701534724
2.15156292094684
2.1518901046152865
2.152217252532902
2.152544364692518
2.1528714410869614
2.153198481709053
2.1535254865516076
2.153852455607436
2.154179388869341
2.1545062863301214
2.154833147982571
2.1551599738194773
2.155486763833622
2.15581351801778
2.156140236364724
2.1564669188672188
2.1567935655180244
2.1571201763098955
2.157446751235581
2.1577732902878246
2.158099793459364
2.158426260742932
2.158752692131256
2.159079087617058
2.1594054471930533
2.1597317708519537
2.1600580585864653
2.1603843103892886
2.1607105262531188
2.1610367061706452
2.1613628501345525
2.16168895813752
2.1620150301722205
2.1623410662313227
2.1626670663074905
2.1629930303933818
2.1633189584816495
2.1636448505649404
2.1639707066358977
2.164296526687159
2.164622310711355
2.1649480587011127
2.1652737706490544
2.165599446547795
2.1659250863899473
2.1662506901681176
2.1665762578749055
2.166901789502908
2.1672272850447154
2.1675527444929132
2.1678781678400827
2.1682035550787986
2.1685289062016326
2.168854221201149
2.1691795000699097
2.169504742800469
2.169829949385378
2.1701551198171813
2.17048025408842
2.1708053521916297
2.171130414119341
2.171455439864078
2.171780429418363
2.172105382774712
2.172430299925635
2.1727551808636383
2.1730800255812235
2.173404834070886
2.173729606325117
2.174054342336404
2.174379042097228
2.174703705600066
2.17502833283739
2.175352923801667
2.1756774784853596
2.176001996880926
2.1763264789808194
2.1766509247774875
2.1769753342633735
2.177299707430916
2.1776240442725503
2.177948344780704
2.178272608947802
2.1785968367662654
2.1789210282285087
2.1792451833269424
2.179569302053973
2.179893384402001
2.1802174303634243
2.1805414399306344
2.1808654130960186
2.18118934985196
2.181513250190837
2.181837114105024
2.18216094158689
2.1824847326287995
2.182808487223113
2.183132205362186
2.18345588703837
2.1837795322440106
2.1841031409714513
2.18442671321303
2.18475024896108
2.185073748207929
2.185397210945903
2.1857206371673215
2.1860440268645003
2.1863673800297505
2.186690696655379
2.187013976733689
2.187337220256978
2.1876604272175397
2.1879835976076643
2.1883067314196363
2.1886298286457375
2.1889528892782444
2.189275913309429
2.1895989007315597
2.1899218515368992
2.1902447657177087
2.190567643266242
2.1908904841747514
2.191213288435483
2.1915360560406802
2.1918587869825816
2.1921814812534204
2.192504138845428
2.19282675975083
2.1931493439618484
2.1934718914707005
2.193794402269601
2.194116876350759
2.19443931370638
2.1947617143286653
2.1950840782098124
2.195406405342015
2.1957286957174613
2.1960509493283378
2.196373166166824
2.1966953462250984
2.1970174894953343
2.1973395959697006
2.197661665640362
2.1979836984994803
2.198305694539213
2.1986276537517147
2.1989495761291327
2.199271461663613
2.1995933103472987
2.1999151221723268
2.2002368971308317
2.200558635214942
2.2008803364167853
2.201202000728484
2.2015236281421564
2.2018452186499173
2.202166772243877
2.2024882889161437
2.2028097686588213
2.203131211464008
2.2034526173238
2.2037739862302894
2.204095318175565
2.2044166131517122
2.2047378711508108
2.2050590921649387
2.20538027618617
2.2057014232065737
2.2060225332182153
2.2063436062131596
2.206664642183464
2.2069856411211854
2.2073066030183752
2.20762752786708
2.2079484156593456
2.2082692663872137
2.2085900800427205
2.2089108566179005
2.2092315961047837
2.2095522984953977
2.209872963781766
2.2101935919559064
2.2105141830098383
2.2108347369355723
2.2111552537251185
2.2114757333704835
2.211796175863669
2.212116581196674
2.212436949361494
2.2127572803501225
2.2130775741545476
2.2133978307667554
2.2137180501787275
2.214038232382442
2.2143583773698756
2.2146784851329993
2.214998555663782
2.2153185889541893
2.2156385849961837
2.215958543781724
2.216278465302766
2.216598349551262
2.2169181965191602
2.2172380061984076
2.2175577785809457
2.2178775136587143
2.2181972114236506
2.2185168718676866
2.2188364949827517
2.219156080760773
2.219475629193674
2.2197951402733755
2.2201146139917944
2.2204340503408453
2.220753449312438
2.221072810898481
2.2213921350908796
2.221711421881535
2.222030671262346
2.2223498832252084
2.222669057762015
2.2229881948646555
2.223307294525015
2.223626356734979
2.2239453814864274
2.2242643687712373
2.2245833185812836
2.2249022309084383
2.22522110574457
2.2255399430815443
2.225858742911223
2.226177505225468
2.226496230016136
2.22681491727508
2.2271335669941528
2.2274521791652018
2.2277707537800735
2.2280892908306105
2.228407790308652
2.2287262522060365
2.2290446765145973
2.2293630632261663
2.2296814123325723
2.229999723825642
2.230317997697198
2.230636233939061
2.230954432543049
2.2312725935009765
2.2315907168046567
2.2319088024458993
2.2322268504165095
2.2325448607082943
2.2328628333130536
2.2331807682225873
2.2334986654286917
2.233816524923161
2.2341343466977857
2.2344521307443546
2.2347698770546542
2.2350875856204673
2.2354052564335745
2.235722889485755
2.2360404847687843
2.236358042274435
2.23667556199448
2.236993043920685
2.237310488044817
2.2376278943586394
2.2379452628539127
2.238262593522395
2.2385798863558426
2.238897141346009
2.2392143584846447
2.2395315377634986
2.239848679174318
2.2401657827088455
2.240482848358823
2.2407998761159895
2.2411168659720824
2.2414338179188356
2.241750731947981
2.242067608051249
2.242384446220367
2.24270124644706
2.243018008723051
2.2433347330400615
2.2436514193898085
2.2439680677640093
2.2442846781543766
2.244601250552623
2.244917784950458
2.2452342813395885
2.2455507397117205
2.2458671600585567
2.2461835423717975
2.2464998866431416
2.246816192864286
2.247132461026924
2.2474486911227487
2.24776488314345
2.2480810370807167
2.2483971529262337
2.2487132306716853
2.2490292703087538
2.2493452718291187
2.249661235224458
2.249977160486447
2.250293047606761
2.2506088965770696
2.250924707389044
2.2512404800343515
2.2515562145046584
2.2518719107916283
2.2521875688869226
2.2525031887822027
2.252818770469126
2.253134313939348
2.2534498191845245
2.2537652861963067
2.2540807149663453
2.2543961054862898
2.2547114577477863
2.25502677174248
2.2553420474620154
2.2556572848980325
2.2559724840421715
2.25628764488607
2.2566027674213642
