0.0
0.0016799832002045555
0.0033599328010810994
0.005039848803301612
0.00671973120753806
0.008399580014462395
0.010079395224746556
0.01175917683906247
0.01343892485808205
0.015118639282477196
0.01679832011291979
0.01847796735008171
0.020157580994634817
0.021837161047250947
0.02351670750860194
0.025196220379359608
0.02687569966019576
0.028555145351782184
0.030234557454790662
0.03191393596989296
0.03359328089776083
0.035272592239066
0.036951869994480205
0.03863111416467516
0.04031032475032255
0.04198950175209406
0.04366864517066137
0.04534775500669615
0.047026831260870004
0.048705873933854595
0.050384883026321534
0.052063858538942416
0.053742800472388844
0.05542170882733238
0.0571005836044446
0.058779424804397046
0.060458232427861254
0.06213700647550875
0.06381574694801107
0.06549445384603965
0.06717312717026602
0.06885176692136163
0.07053037309999793
0.0722089457068464
0.07388748474257843
0.07556599020786545
0.07724446210337886
0.07892290042979007
0.08060130518777042
0.08227967637799129
0.08395801400112402
0.08563631805783996
0.0873145885488104
0.08899282547470669
0.09067102883620011
0.09234919863396195
0.09402733486866344
0.09570543754097585
0.09738350665157045
0.09906154220111844
0.10073954419029103
0.10241751261975944
0.10409544749019485
0.10577334880226844
0.10745121655665137
0.10912905075401477
0.11080685139502978
0.11248461848036753
0.11416235201069913
0.11584005198669564
0.11751771840902818
0.11919535127836782
0.12087295059538558
0.12255051636075251
0.12422804857513967
0.12590554723921804
0.12758301235365863
0.1292604439191324
0.13093784193631036
0.13261520640586344
0.13429253732846264
0.1359698347047788
0.1376470985354829
0.13932432882124582
0.14100152556273848
0.14267868876063175
0.1443558184155965
0.14603291452830358
0.1477099770994238
0.149387006129628
0.15106400161958702
0.15274096356997158
0.15441789198145253
0.15609478685470063
0.1577716481903867
0.15944847598918138
0.16112527025175544
0.1628020309787796
0.1644787581709246
0.1661554518288611
0.16783211195325978
0.16950873854479126
0.17118533160412622
0.17286189113193534
0.17453841712888923
0.1762149095956585
0.1778913685329137
0.17956779394132544
0.18124418582156432
0.18292054417430084
0.18459686900020558
0.18627316029994906
0.1879494180742018
0.18962564232363427
0.191301833048917
0.1929779902507205
0.19465411392971513
0.19633020408657142
0.19800626072195981
0.19968228383655068
0.20135827343101445
0.20303422950602157
0.20471015206224236
0.20638604110034717
0.2080618966210064
0.2097377186248904
0.21141350711266949
0.21308926208501394
0.21476498354259413
0.21644067148608032
0.21811632591614277
0.2197919468334517
0.22146753423867746
0.22314308813249017
0.22481860851556015
0.22649409538855755
0.22816954875215265
0.22984496860701548
0.23152035495381634
0.2331957077932253
0.2348710271259126
0.23654631295254827
0.23822156527380245
0.23989678409034523
0.24157196940284678
0.2432471212119771
0.24492223951840628
0.2465973243228043
0.24827237562584126
0.2499473934281872
0.2516223777305121
0.2532973285334859
0.2549722458377786
0.2566471296440603
0.2583219799530008
0.2599967967652701
0.26167158008153807
0.2633463299024747
0.26502104622874983
0.2666957290610334
0.2683703783999952
0.27004499424630524
0.2717195766006332
0.2733941254636489
0.2750686408360224
0.27674312271842333
0.27841757111152143
0.2800919860159866
0.2817663674324885
0.28344071536169696
0.28511502980428177
0.2867893107609126
0.2884635582322591
0.290137772218991
0.29181195272177807
0.29348609974128986
0.2951602132781961
0.2968342933331664
0.2985083399068704
0.30018235299997775
0.301856332613158
0.3035302787470808
0.3052041914024158
0.3068780705798324
0.3085519162800003
0.3102257285035888
0.3118995072512677
0.3135732525237063
0.3152469643215743
0.3169206426455411
0.3185942874962761
0.32026789887444884
0.32194147678072876
0.3236150212157853
0.32528853218028775
0.32696200967490563
0.32863545370030833
0.3303088642571651
0.33198224134614546
0.3336555849679187
0.3353288951231541
0.3370021718125212
0.338675415036689
0.34034862479632705
0.3420218010921045
0.3436949439246908
0.345368053294755
0.3470411292029664
0.34871417164999435
0.3503871806365079
0.3520601561631764
0.3537330982306688
0.3554060068396545
0.3570788819908026
0.35875172368478225
0.36042453192226265
0.36209730670391277
0.3637700480304018
0.36544275590239883
0.367115430320573
0.3687880712855933
0.37046067879812894
0.37213325285884885
0.37380579346842197
0.37547830062751736
0.3771507743368041
0.3788232145969511
0.3804956214086274
0.382167994772502
0.3838403346892439
0.38551264115952183
0.3871849141840048
0.38885715376336166
0.39052935989826143
0.3922015325893729
0.393873671837365
0.3955457776429066
0.3972178500066665
0.39888988892931354
0.4005618944115165
0.40223386645394427
0.40390580505726553
0.4055777102221491
0.40724958194926375
0.4089214202392782
0.4105932250928612
0.41226499651068155
0.4139367344934079
0.4156084390417089
0.4172801101562533
0.41895174783770983
0.42062335208674695
0.42229492290403337
0.4239664602902378
0.4256379642460288
0.427309434772075
0.42898087186904493
0.43065227553760727
0.4323236457784304
0.43399498259218305
0.4356662859795337
0.4373375559411509
0.43900879247770314
0.4406799955898588
0.44235116527828655
0.4440223015436547
0.44569340438663174
0.44736447380788613
0.4490355098080863
0.4507065123879007
0.45237748154799773
0.45404841728904566
0.4557193196117131
0.4573901885166682
0.4590610240045794
0.46073182607611496
0.4624025947319433
0.46407332997273265
0.4657440317991513
0.46741470021186754
0.46908533521154966
0.4707559367988659
0.4724265049744845
0.47409703973907374
0.4757675410933018
0.47743800903783684
0.4791084435733471
0.4807788447005007
0.4824492124199658
0.4841195467324107
0.48578984763850336
0.4874601151389119
0.48913034923430454
0.4908005499253493
0.49247071721271435
0.4941408510970676
0.49581095157907723
0.4974810186594112
0.4991510523387376
0.5008210526177244
0.5024910194970398
0.5041609529773514
0.5058308530593274
0.5075007197436359
0.5091705530309446
0.5108403529219215
0.5125101194172345
0.5141798525175516
0.5158495522235406
0.5175192185358695
0.519188851455206
0.5208584509822181
0.5225280171175736
0.5241975498619401
0.5258670492159857
0.5275365151803781
0.5292059477557851
0.5308753469428745
0.5325447127423142
0.5342140451547717
0.5358833441809148
0.5375526098214113
0.5392218420769288
0.540891040948135
0.5425602064356977
0.5442293385402843
0.5458984372625628
0.5475675026032006
0.5492365345628655
0.5509055331422249
0.5525744983419465
0.5542434301626978
0.5559123286051466
0.5575811936699603
0.5592500253578064
0.5609188236693526
0.5625875886052664
0.5642563201662152
0.5659250183528663
0.5675936831658875
0.5692623146059461
0.5709309126737098
0.5725994773698457
0.5742680086950215
0.5759365066499043
0.5776049712351617
0.5792734024514613
0.5809418002994703
0.5826101647798559
0.5842784958932856
0.5859467936404268
0.5876150580219466
0.5892832890385125
0.5909514866907916
0.5926196509794512
0.5942877819051589
0.5959558794685815
0.5976239436703866
0.5992919745112412
0.6009599719918125
0.6026279361127679
0.6042958668747745
0.6059637642784995
0.6076316283246098
0.6092994590137728
0.6109672563466556
0.6126350203239253
0.6143027509462491
0.6159704482142938
0.6176381121287268
0.619305742690215
0.6209733398994255
0.6226409037570254
0.6243084342636817
0.6259759314200612
0.6276433952268312
0.6293108256846586
0.6309782227942101
0.6326455865561531
0.6343129169711542
0.6359802140398806
0.6376474777629989
0.6393147081411762
0.6409819051750794
0.6426490688653753
0.6443161992127309
0.6459832962178129
0.6476503598812883
0.6493173902038238
0.6509843871860862
0.6526513508287425
0.6543182811324594
0.6559851780979034
0.6576520417257415
0.6593188720166404
0.6609856689712671
0.6626524325902878
0.6643191628743695
0.6659858598241789
0.6676525234403826
0.6693191537236474
0.6709857506746397
0.6726523142940265
0.674318844582474
0.6759853415406492
0.6776518051692184
0.6793182354688484
0.6809846324402057
0.6826509960839569
0.6843173264007685
0.6859836233913069
0.6876498870562389
0.6893161173962307
0.6909823144119489
0.69264847810406
0.6943146084732307
0.6959807055201271
0.6976467692454158
0.6993127996497631
0.7009787967338356
0.7026447604982996
0.7043106909438216
0.7059765880710678
0.7076424518807046
0.7093082823733985
0.7109740795498156
0.7126398434106225
0.7143055739564852
0.7159712711880701
0.7176369351060435
0.7193025657110718
0.7209681630038212
0.7226337269849576
0.7242992576551476
0.7259647550150572
0.7276302190653526
0.7292956498067003
0.7309610472397662
0.7326264113652166
0.7342917421837174
0.735957039695935
0.7376223039025354
0.7392875348041846
0.7409527324015489
0.7426178966952943
0.7442830276860868
0.7459481253745925
0.7476131897614775
0.7492782208474078
0.7509432186330494
0.7526081831190683
0.7542731143061304
0.7559380121949018
0.7576028767860484
0.759267708080236
0.7609325060781307
0.7625972707803985
0.7642620021877051
0.7659267003007165
0.7675913651200987
0.7692559966465174
0.7709205948806386
0.7725851598231279
0.7742496914746513
0.7759141898358747
0.7775786549074636
0.7792430866900839
0.7809074851844015
0.7825718503910819
0.7842361823107912
0.785900480944195
0.7875647462919589
0.7892289783547487
0.7908931771332302
0.7925573426280688
0.7942214748399306
0.7958855737694808
0.7975496394173852
0.7992136717843095
0.8008776708709192
0.80254163667788
0.8042055692058575
0.8058694684555172
0.8075333344275247
0.8091971671225455
0.8108609665412452
0.8125247326842892
0.814188465552343
0.8158521651460722
0.8175158314661425
0.819179464513219
0.8208430642879674
0.8225066307910529
0.824170164023141
0.8258336639848972
0.8274971306769869
0.8291605641000754
0.8308239642548282
0.8324873311419105
0.8341506647619878
