223859.6629019423
212408.51538286332
236485.00248031333
250729.28382398176
196512.27220473974
292915.98897566414
157930.20507617015
224341.39634126824
223240.24391523033
223859.66571796656
223859.66009141033
223859.5911907388
223859.7347565473
223859.66226252302
223859.6635641387
223640.65431680466
224079.06880759133
223818.54064869028
223905.19469976952
223859.60759644007
223859.7296522685
223859.6629019423
223859.6629019423
223859.66724418005
223859.65848947086
223858.89934538407
223860.5377275451
223859.60644550718
223859.73110123124
223758.0087785279
223962.88037146328
223859.66705785546
223859.6585344024
223858.74787890917
223860.63148049804
223859.65736368764
223859.66986736777
223934.10208008537
223771.536729038
223859.662860637
223859.66294324907
223859.66290373076
223859.66290015486
223908.39810266066
223803.32228353372
223808.75446687025
223913.4777264257
223859.66281933052
223859.66298455547
223859.66290552026
223859.6628983683
223807.168893118
223915.06853900186
223753.5089135911
223966.65794271592
223858.2787763406
223861.10106899685
223859.1968125705
223860.12843751404
223859.66456674747
223859.66129474132