30.603164734840114
30.573319955079683
30.63306957818918
30.592648335579014
30.613692181004946
30.735069411038847
30.471732143174858
33.61646735876476
27.581431288091082
30.603164734840114
30.603164734840114
30.603164734840114
30.603164734840114
30.60316473483997
30.603164734840256
30.603164734840114
30.603164734840114
30.603164734840114
30.603164734840114
30.603164734840114
30.603164734840114
30.603164734840114
30.603164734840114
30.603164734882217
30.60316473479801
30.603164734840114
30.603164734840114
30.603164734840114
30.603164734840114
30.603164734840114
30.603164734840114
30.6031647349285
30.603164734760135
30.603164734840114
30.603164734840114
30.60316473492839
30.603164734760217
30.603164734840114
30.603164734840114
30.603164734840114
30.603164734840114
30.603164734840114
30.603164734840114
30.603164734840114
30.603164734840114
30.603164734840114
30.603164734840114
30.603164734840114
30.603164734840114
30.603164734840114
30.603164734840114
30.603164734840114
30.603164734840114
30.603164734840114
30.603164734840114
30.603164734840114
30.603164734840114
30.603164734840114
30.603164734840114
30.603164734840114
30.603164734840114
30.603164734840114
30.603164734840114
30.603164734840114
30.603164734840114
30.603164734840114
30.603164734840114
30.60316473492853
30.60316473476012
