107.63419780956988
109.04509435585179
115.47542962176125
107.63419780956988
116.99300057148400
118.76668473814793
120.33392879702185
112.6325267397327
118.76668473814793
114.11585983120395
109.93092584761916
107.40099032050512
110.98674757224647
109.93092584761916
108.43155297941024
113.13979698917635
118.88310057134959
114.12469823134062
113.13979698917635
119.91992011452717
108.79658622362751
112.25038647950608
113.39703853149385
108.79658622362751
117.00277609961367
120.24269137154619
115.34591686645842
110.10228140880056
120.24269137154619
105.63340097730321
114.45947655313034
113.8748046670733
111.8296228480682
114.45947655313034
111.25890008006493
117.27357618322321
116.6758082054962
114.81700736187557
117.27357618322321
114.23219558167725
104.62660127396559
105.04209685371048
110.98383421959609
104.62660127396559
111.42556056083447
115.89390674377445
116.35674735108663
122.29354565026372
115.89390674377445
122.78290062034047
114.28482765745527
106.69754542603113
120.90671168235855
114.28482765745527
112.86333496032971
117.34843864138429
117.81716837256387
109.40570964601716
117.34843864138429
109.84154930514495
110.99536791434777
113.48355776756317
106.60484130380495
110.99536791434777
108.9908068287203
122.40621149775393
116.35593610480376
117.98618567890415
122.40621149775393
112.16195452839493
109.3679750391449
111.81883504803383
119.41993477519881
109.3679750391449
122.10515917733264
112.47293277760059
114.99182679560576
108.23217491694123
112.47293277760059
110.65258729292495
106.15459698793316
110.01667294965522
113.26762265149793
106.15459698793316
117.39879585816547
117.35380119442524
113.09571896287689
110.19466047778238
117.35380119442524
106.20567163083393
115.83548908040424
115.76958038557237
115.95127917699728
115.83548908040424
115.8853020438046
118.72376932323787
118.65619616700347
118.83195651433286
118.72376932323787
118.76431962243625
110.90612639023509
110.8431249376839
118.1664975434992
110.90612639023509
118.09921130423342
122.44272352044757
122.37295411517293
115.1346220184709
122.44272352044757
115.06916818976407
109.21164408187474
105.25735280732746
109.32916951464084
109.21164408187474
105.37045884683403
112.44491762009571
116.54745294801585
112.55451108269568
112.44491762009571
116.6611983752197
111.06113574036593
117.22635649690227
107.63972926059891
111.06113574036593
113.60760056513021
122.34621374449591
120.06559020724164
118.89972005794526
122.34621374449591
116.68556467429373
113.55456906735986
111.44378872488446
124.71296098341786
113.55456906735986
122.38674394631653
116.64219570095881
114.47429132604668
113.2094100352721
116.64219570095881
111.10760630607425
106.70333340208029
104.72868807720597
110.40958506937756
106.70333340208029
108.36376528637463
118.05962702910372
115.86155714864692
121.79077020820208
118.05962702910372
119.52068752258442
112.32181872204133
110.23568798791601
116.03921890747482
112.32181872204133
113.88141121092056
115.20775913840617
121.60927132963678
104.89901521915289
115.20775913840617
110.70664788265992
104.23776025419426
109.50882298097622
113.95384081133199
104.23776025419426
119.73622649182772
115.38700305517882
112.72813295272381
110.96690277513083
115.38700305517882
108.41364740352063
113.81927839936354
115.3180406733625
109.24171254110747
113.81927839936354
110.67780021248255
116.80454813157954
118.34395253120543
112.5334521719034
116.80454813157954
114.0145137340142
112.55496503045295
111.9807415441641
115.33985949811967
112.55496503045295
114.75088799874615
124.06602550444316
123.43062772015588
112.14585563426351
124.06602550444316
111.57368505367096
110.93867954097024
106.43703773353059
113.82173791012889
110.93867954097024
109.19864065696757
114.02044449313289
117.64442402739965
116.71239752410585
114.02044449313289
120.42511132272682
108.36333817683368
112.8234450009397
109.3674801456077
108.36333817683368
113.87056927338229
119.69194304825714
115.8687765487683
120.70307399768923
119.69194304825714
116.84645913553156
110.62035991479674
107.09746416756697
119.24195147496158
110.62035991479674
115.43341396118265
113.9672545859715
110.33798521279219
107.71322195117205
113.9672545859715
104.29031937942193
107.53785887396917
106.02494985717578
108.55979364338224
107.53785887396917
107.03196015384037
118.96321698179283
117.2810199190818
119.99160980483117
118.96321698179283
118.29433476240067
113.19077810333476
111.59329416871998
121.37742309021642
113.19077810333476
119.66000034165972
116.07665710761681
123.09066903394192
110.13750243568535
116.07665710761681
116.77937858170617
109.34184563326141
109.27984825935066
111.1942693200113
109.34184563326141
111.13118274398633
120.55036946232327
120.48155536982719
107.98456844616464
120.55036946232327
107.9231854157507
111.73692453487567
107.68675522637798
113.7287349390859
111.73692453487567
109.60355149725763
114.88492308946391
119.0810864157648
116.7440099331402
114.88492308946391
121.01062549800189
106.89301594556629
110.78616581869977
119.5651588345529
106.89301594556629
123.93884858415049
118.39143307753679
114.09049798238432
116.64526181397667
118.39143307753679
112.4101309393564
112.58297408989702
112.51896565725818
110.84204528154069
112.58297408989702
110.77906572721746
115.57880514625506
115.51325140941299
113.95382700333089
115.57880514625506
113.88922805195693
107.18423181369108
109.08498992397017
105.50882748912282
107.18423181369108
107.37874027477783
118.42842289425909
120.5394582527622
116.74254885900571
118.42842289425909
118.82242024522793
116.92797503910185
110.653495696026
122.54068484799296
116.92797503910185
115.95396721879527
119.7806989632719
121.91650715038912
111.06614553175345
119.7806989632719
113.04098964997422
109.95042690892726
111.90365546622152
111.83655634387509
109.95042690892726
113.82459422873879
121.31559120887914
114.80006801360392
123.21604549991055
121.31559120887914
116.59495492835538
108.30455575842535
110.22847801740926
117.46485091478064
108.30455575842535
119.55811489800692
111.4463114963894
113.42342601615917
106.32851303063126
111.4463114963894
108.21151881843642
105.82746452499372
112.83652643627488
106.59838884519328
105.82746452499372
113.66056472272676
116.95425282244844
115.95977299154168
117.73021236942229
116.95425282244844
116.72889311770525
115.45739359637054
114.4758619622284
116.26031386320633
115.45739359637054
115.27169416095234
118.30516397439523
117.30039602534092
104.93346457220633
118.30516397439523
104.04618916948269
110.55322796071724
107.64652655549622
107.7210469578641
110.55322796071724
104.89154222099307
122.01783283954771
118.79184146290297
119.16680329498571
122.01783283954771
116.01886741598204
108.88157296567832
106.01615214231737
120.58931037310495
108.88157296567832
117.40364981092023
112.07175607306021
117.35557257185897
109.33634279468134
112.07175607306021
114.48624170723491
109.94399580692247
113.04745045419267
115.94441818133915
109.94399580692247
119.22382612376026
121.25209108587529
115.91981978987539
112.98071524688856
121.25209108587529
108.02490476518143
112.3371793271207
111.38362931052885
111.26452190439527
112.3371793271207
110.32044386616946
115.537020423224
114.55530823550572
114.53653958656186
115.537020423224
113.56364289365955
105.52447316289158
106.54671823652502
115.25812208841572
105.52447316289158
116.37845476022751
116.90611097670786
118.04321632748125
112.14337063908789
116.90611097670786
113.23236106479534
111.15618822586632
108.22933514227269
113.77778695564731
111.15618822586632
110.77925955260444
114.14777980913918
119.53164581503327
116.59649839768295
114.14777980913918
122.10011005048466
107.87740754364694
109.41719606110917
104.20218436002838
107.87740754364694
105.68755611723088
119.0943913493378
120.80393109743781
115.39629919640836
119.0943913493378
117.05080677702512
110.15247509177614
103.9025970125037
121.17355290447654
110.15247509177614
114.27414106416514
113.42537600869782
115.04997481704731
109.7401418107567
113.42537600869782
111.30995109692745
109.03070416129005
110.59025413286463
112.55333266636278
109.03070416129005
114.16529409155795
120.56108529224514
113.69530333516347
124.10829274758771
120.56108529224514
117.03336228302113
114.73595229996474
116.38006864498935
118.26975200741116
114.73595229996474
119.96647161191791
117.60743755517022
119.29288429404852
106.95670350371799
117.60743755517022
108.48405417632232
105.68823692643097
106.22832032120681
112.65325770874676
105.68823692643097
113.23031698202644
116.94228821352003
117.54332240061355
109.47962025605807
116.94228821352003
110.04084549052043
115.38007104144003
111.82622122513284
115.26308690237302
115.38007104144003
111.71297908108626
118.35277183943901
123.38206145204602
118.24351353057615
118.35277183943901
123.26799312804422
112.02715044902425
116.77761905812164
118.89728795647541
112.02715044902425
123.9502770962081
123.42702945843135
119.61612335119025
116.06583643926925
123.42702945843135
112.49012103274568
110.44582267696504
111.01220070953754
110.33119327910241
110.44582267696504
110.89696021523169
113.46164509378224
114.04227001683218
113.35464329516324
113.46164509378224
113.93470097427496
109.67077597749682
112.76274463689758
108.69124259866697
109.67077597749682
111.754550640518
120.83756134574867
124.26275967506882
119.85057821840282
120.83756134574867
123.24682510801827
112.11219204162303
107.1943755572692
118.44756084839251
112.11219204162303
113.24117461358479
115.19290182948069
118.45141631827627
107.0952665955158
115.19290182948069
110.11616809326186
107.27188271049671
108.31195725162296
106.23944360077886
107.27188271049671
107.26911392428079
118.72762486444233
111.46473733185599
117.68928820509734
118.72762486444233
110.49221230302682
112.94029714868256
114.03772704650206
119.16745958382553
112.94029714868256
120.32776502993278
115.87161883556794
116.99660178476009
107.91200092202521
115.87161883556794
108.95693822549929
106.72312986899479
105.82069708321978
118.00897169484952
106.72312986899479
117.00744355139429
118.02191384258657
117.01782160247333
115.17821539647848
118.02191384258657
114.19921765797716
116.47762244974331
111.35949087920899
113.53375399451346
116.47762244974331
108.54987174141586
119.41466372905224
122.79833518992652
116.66590526169797
119.41466372905224
119.96889142678168
109.5032266003514
114.66298080874884
113.84917372176379
109.5032266003514
119.2219588337222
120.92230808110303
117.72614067469246
110.62005851100884
120.92230808110303
107.70607188253898
107.81288922502317
108.85869702069098
112.313360710167
107.81288922502317
113.40460952485356
111.04003756236025
112.11582093639888
115.23984606414845
111.04003756236025
116.35783130392898
104.18496403064799
109.57777295795181
105.8547712204329
104.18496403064799
111.33748634314662
115.34034819311296
112.81044775183875
117.02006799762793
115.34034819311296
114.45195789854424
113.76773278363062
111.27223592912685
122.78498889982848
113.76773278363062
120.08410625688198
116.76240364574203
114.2048638098651
111.37755566358436
116.76240364574203
108.94212041631133
112.50680316668839
110.04332708660606
110.59150833331894
112.50680316668839
108.1715279010447
124.02367428759082
121.29518776038408
122.09425652014045
124.02367428759082
119.4096724905549
110.88560397803904
108.45622158954417
116.28228162977732
110.88560397803904
113.73002311550167
113.97680967295341
119.90012177898878
105.01924967926392
113.97680967295341
110.45940526728064
109.1026146739796
113.72184039911107
114.2146795136514
109.1026146739796
119.0588266087672
120.34107697548359
116.6307532126211
111.19066375498946
120.34107697548359
107.77243546430367
111.46412754896686
112.03557508051234
116.9598161221608
111.46412754896686
117.56058486332509
114.66092535919377
115.2494635508067
119.79241070491804
114.66092535919377
120.40826052677264
108.31278960987066
108.86713365266493
116.98794789101517
108.31278960987066
117.58841302027874
119.64751370242385
120.26289134317256
114.06031608599619
119.64751370242385
114.64589400696167
113.91975252798488
110.41694883329954
108.35042948038819
113.91975252798488
105.02510495543817
116.67279729942649
121.6212266832708
111.47187701249169
116.67279729942649
116.19184538167538
